20 190
1 3
1 4
1 5
1 7
1 13
1 14
1 15
1 16
1 18
1 19
1 20
2 1
2 3
2 4
2 5
2 7
2 8
2 13
2 14
2 15
2 16
2 18
2 19
2 20
3 4
3 5
3 7
3 13
3 14
3 16
3 18
3 20
4 5
4 7
4 13
4 14
4 16
4 18
4 20
6 1
6 2
6 3
6 4
6 5
6 7
6 8
6 10
6 13
6 14
6 15
6 16
6 18
6 19
6 20
7 5
7 13
7 14
7 16
8 1
8 3
8 4
8 5
8 7
8 13
8 14
8 15
8 16
8 18
8 19
8 20
9 1
9 2
9 3
9 4
9 5
9 6
9 7
9 8
9 10
9 13
9 14
9 15
9 16
9 18
9 19
9 20
10 1
10 2
10 3
10 4
10 5
10 7
10 8
10 13
10 14
10 15
10 16
10 18
10 19
10 20
11 1
11 2
11 3
11 4
11 5
11 6
11 7
11 8
11 9
11 10
11 12
11 13
11 14
11 15
11 16
11 17
11 18
11 19
11 20
12 1
12 2
12 3
12 4
12 5
12 6
12 7
12 8
12 9
12 10
12 13
12 14
12 15
12 16
12 17
12 18
12 19
12 20
13 5
13 14
14 5
15 3
15 4
15 5
15 7
15 13
15 14
15 16
15 18
15 20
16 5
16 13
16 14
17 1
17 2
17 3
17 4
17 5
17 6
17 7
17 8
17 9
17 10
17 13
17 14
17 15
17 16
17 18
17 19
17 20
18 5
18 7
18 13
18 14
18 16
18 20
19 3
19 4
19 5
19 7
19 13
19 14
19 15
19 16
19 18
19 20
20 5
20 7
20 13
20 14
20 16
