26 155
1 5
1 6
1 7
1 9
1 13
1 15
1 17
1 18
1 19
1 23
1 24
1 26
3 1
3 5
3 6
3 7
3 9
3 13
3 15
3 17
3 18
3 23
3 24
3 26
4 1
4 3
4 5
4 6
4 7
4 9
4 11
4 12
4 13
4 14
4 15
4 17
4 18
4 19
4 20
4 21
4 22
4 23
4 24
4 26
5 23
7 23
9 5
9 7
9 13
9 15
9 17
9 18
9 23
9 24
9 26
10 4
11 1
11 3
11 5
11 6
11 7
11 9
11 12
11 13
11 14
11 15
11 17
11 18
11 19
11 20
11 21
11 22
11 23
11 24
11 25
11 26
12 1
12 3
12 5
12 6
12 7
12 9
12 13
12 15
12 17
12 18
12 19
12 20
12 22
12 23
12 24
12 26
13 5
14 21
15 5
15 13
15 17
15 18
15 23
16 1
16 2
16 3
16 4
16 5
16 6
16 7
16 9
16 10
16 11
16 12
16 13
16 14
16 15
16 17
16 18
16 19
16 20
16 21
16 22
16 23
16 24
16 25
16 26
17 5
17 7
17 23
17 24
18 5
21 1
21 3
21 5
21 6
21 7
21 9
21 12
21 13
21 15
21 17
21 18
21 19
21 22
21 23
21 24
21 26
22 3
24 23
26 5
26 6
26 7
26 13
26 15
26 17
26 18
26 23
26 24
