35 180
1 2
1 5
1 8
1 10
1 15
1 17
1 18
1 19
1 22
1 24
1 26
1 27
1 28
1 29
1 31
1 32
1 33
1 35
3 2
3 5
3 7
3 9
3 10
3 13
3 15
3 19
3 22
3 24
3 28
3 29
3 31
3 35
4 2
4 5
4 10
4 11
4 13
4 17
4 19
4 20
4 21
4 24
4 29
5 35
6 14
7 4
7 5
7 8
7 10
7 11
7 13
7 16
7 18
7 19
7 23
7 26
7 27
7 29
10 2
10 5
10 15
10 19
10 20
10 21
10 24
10 28
10 31
10 35
11 5
11 10
11 13
11 15
11 16
11 20
11 21
11 22
11 28
11 29
11 31
11 35
12 3
13 29
14 1
14 2
14 3
14 4
14 7
14 8
14 9
14 11
14 12
14 16
14 17
14 18
14 20
14 21
14 22
14 23
14 25
14 26
14 27
14 30
14 32
14 33
14 34
17 21
20 21
22 17
22 20
24 2
24 21
25 2
25 4
25 8
25 11
25 16
25 17
25 18
25 20
25 21
25 22
25 23
25 26
25 27
25 32
26 4
26 5
26 10
26 11
26 13
26 15
26 16
26 17
26 18
26 19
26 20
26 21
26 22
26 23
26 28
26 29
26 32
26 35
27 5
27 10
27 11
27 13
27 16
27 19
27 20
27 21
27 29
27 35
28 15
28 17
28 20
28 21
28 24
28 31
28 32
29 5
29 10
29 15
29 20
29 21
29 28
29 32
29 35
31 2
31 20
31 21
31 24
35 2
35 17
35 20
35 21
35 22
35 24
35 28
35 31
