40 379
1 10
1 22
1 24
1 29
1 30
1 31
1 34
1 36
1 37
3 1
3 4
3 5
3 7
3 8
3 9
3 10
3 11
3 13
3 16
3 18
3 19
3 22
3 23
3 24
3 25
3 27
3 28
3 29
3 30
3 31
3 32
3 34
3 35
3 36
3 37
3 39
3 40
4 1
4 5
4 8
4 10
4 13
4 16
4 18
4 19
4 22
4 23
4 24
4 25
4 27
4 28
4 29
4 30
4 31
4 32
4 34
4 35
4 36
4 37
4 39
4 40
7 1
7 4
7 5
7 8
7 10
7 13
7 16
7 18
7 19
7 22
7 23
7 24
7 25
7 27
7 28
7 29
7 30
7 31
7 34
7 35
7 36
7 37
7 39
7 40
10 22
10 24
10 29
11 7
12 18
13 1
13 8
13 10
13 16
13 18
13 19
13 22
13 23
13 24
13 25
13 27
13 28
13 29
13 30
13 31
13 34
13 35
13 36
13 37
13 39
14 1
14 2
14 3
14 4
14 5
14 6
14 7
14 8
14 9
14 10
14 11
14 13
14 15
14 16
14 17
14 18
14 19
14 21
14 22
14 23
14 24
14 25
14 26
14 27
14 28
14 29
14 30
14 31
14 32
14 33
14 34
14 35
14 36
14 37
14 39
14 40
15 1
15 3
15 4
15 5
15 7
15 8
15 10
15 11
15 13
15 16
15 18
15 19
15 22
15 23
15 24
15 25
15 27
15 28
15 29
15 30
15 31
15 32
15 34
15 35
15 36
15 37
15 39
15 40
16 1
16 8
16 10
16 19
16 22
16 23
16 24
16 29
16 30
16 31
16 34
16 36
16 37
17 1
17 3
17 4
17 5
17 6
17 7
17 8
17 9
17 10
17 11
17 13
17 15
17 16
17 18
17 19
17 22
17 23
17 24
17 25
17 27
17 28
17 29
17 30
17 31
17 32
17 33
17 34
17 35
17 36
17 37
17 39
17 40
18 1
18 8
18 10
18 16
18 19
18 22
18 24
18 29
18 30
18 31
18 34
18 36
18 37
19 1
20 1
20 3
20 4
20 5
20 6
20 7
20 8
20 9
20 10
20 11
20 12
20 13
20 14
20 15
20 16
20 17
20 18
20 19
20 21
20 22
20 23
20 24
20 25
20 26
20 27
20 28
20 29
20 30
20 31
20 32
20 33
20 34
20 35
20 36
20 37
20 39
20 40
21 1
21 3
21 4
21 5
21 7
21 8
21 9
21 10
21 11
21 13
21 15
21 16
21 17
21 18
21 19
21 22
21 23
21 24
21 25
21 27
21 28
21 29
21 30
21 31
21 32
21 33
21 34
21 35
21 36
21 37
21 39
21 40
22 24
25 1
25 5
25 8
25 10
25 16
25 18
25 19
25 22
25 23
25 24
25 27
25 28
25 29
25 30
25 31
25 34
25 35
25 36
25 37
25 39
26 21
27 1
27 8
27 10
27 16
27 18
27 19
27 22
27 23
27 24
27 29
27 30
27 31
27 34
27 36
27 37
27 39
28 35
29 30
30 24
30 31
31 24
33 15
34 8
34 10
34 22
34 24
34 29
34 30
34 31
34 36
34 37
35 1
35 8
35 10
35 16
35 18
35 19
35 22
35 23
35 24
35 27
35 29
35 30
35 31
35 34
35 36
35 37
36 22
36 31
37 10
37 29
37 31
37 36
38 20
40 13
