67 1118
1 9
1 16
1 19
1 25
1 29
1 57
2 7
3 1
3 4
3 5
3 7
3 8
3 9
3 11
3 12
3 13
3 14
3 16
3 17
3 18
3 19
3 22
3 24
3 25
3 26
3 27
3 28
3 29
3 30
3 31
3 32
3 33
3 34
3 35
3 36
3 37
3 39
3 40
3 41
3 43
3 44
3 45
3 46
3 47
3 48
3 49
3 50
3 51
3 52
3 53
3 54
3 55
3 56
3 57
3 58
3 59
3 60
3 62
3 63
3 64
3 65
3 66
3 67
4 9
4 11
4 14
4 16
4 18
4 19
4 22
4 25
4 28
4 29
4 36
4 41
4 44
4 47
4 52
4 54
4 57
4 59
5 9
5 11
5 14
5 16
5 18
5 19
5 22
5 24
5 25
5 28
5 29
5 30
5 36
5 41
5 44
5 47
5 49
5 52
5 54
5 57
5 59
5 64
5 65
6 16
6 19
7 1
7 4
7 5
7 6
7 8
7 9
7 11
7 13
7 14
7 15
7 16
7 18
7 19
7 22
7 24
7 25
7 26
7 27
7 28
7 29
7 30
7 31
7 32
7 33
7 34
7 35
7 36
7 37
7 39
7 40
7 41
7 42
7 43
7 44
7 45
7 46
7 47
7 48
7 49
7 50
7 51
7 52
7 53
7 54
7 55
7 56
7 57
7 58
7 59
7 61
7 62
7 63
7 64
7 65
7 66
7 67
8 9
8 25
8 29
8 41
8 52
8 57
9 15
9 25
9 29
9 31
9 41
9 43
9 48
9 51
9 52
9 53
9 55
9 56
9 57
9 58
9 62
10 1
10 3
10 4
10 5
10 7
10 8
10 9
10 11
10 12
10 13
10 14
10 16
10 17
10 18
10 19
10 22
10 23
10 24
10 25
10 26
10 27
10 28
10 29
10 30
10 31
10 32
10 33
10 34
10 36
10 37
10 39
10 40
10 41
10 43
10 44
10 45
10 46
10 47
10 48
10 49
10 50
10 51
10 52
10 53
10 54
10 55
10 56
10 57
10 58
10 59
10 60
10 62
10 63
10 64
10 65
10 66
10 67
11 8
11 9
11 14
11 16
11 19
11 22
11 24
11 25
11 29
11 31
11 36
11 41
11 43
11 44
11 45
11 48
11 51
11 52
11 53
11 56
11 57
11 58
11 62
12 4
12 5
12 7
12 8
12 9
12 11
12 14
12 16
12 18
12 19
12 22
12 24
12 25
12 26
12 27
12 28
12 29
12 30
12 31
12 34
12 36
12 37
12 39
12 40
12 41
12 43
12 44
12 46
12 47
12 49
12 50
12 51
12 52
12 53
12 54
12 57
12 58
12 59
12 64
12 65
12 66
12 67
14 8
14 9
14 16
14 19
14 22
14 24
14 25
14 29
14 31
14 36
14 41
14 43
14 45
14 51
14 52
14 53
14 57
14 58
16 8
16 9
16 15
16 24
16 25
16 29
16 31
16 41
16 43
16 45
16 48
16 51
16 52
16 53
16 55
16 56
16 57
16 58
16 62
17 7
17 9
17 11
17 16
17 18
17 19
17 25
17 29
17 39
17 40
17 41
17 57
19 8
19 9
19 15
19 16
19 22
19 24
19 25
19 29
19 31
19 36
19 41
19 43
19 45
19 48
19 51
19 52
19 53
19 55
19 56
19 57
19 58
19 62
21 3
21 4
21 5
21 7
21 8
21 9
21 10
21 11
21 12
21 14
21 16
21 18
21 19
21 22
21 23
21 24
21 25
21 26
21 27
21 28
21 29
21 30
21 31
21 33
21 34
21 36
21 37
21 38
21 39
21 40
21 41
21 43
21 44
21 46
21 47
21 49
21 50
21 51
21 52
21 53
21 54
21 57
21 58
21 59
21 60
21 64
21 65
21 66
21 67
22 8
22 9
22 16
22 24
22 25
22 29
22 31
22 36
22 41
22 43
22 45
22 51
22 52
22 53
22 56
22 57
22 58
23 3
23 4
23 5
23 7
23 8
23 9
23 11
23 12
23 14
23 16
23 18
23 19
23 22
23 24
23 25
23 26
23 27
23 28
23 29
23 30
23 31
23 33
23 34
23 36
23 37
23 39
23 40
23 41
23 43
23 44
23 46
23 47
23 49
23 50
23 51
23 52
23 53
23 54
23 57
23 58
23 59
23 64
23 65
23 66
23 67
24 9
24 25
24 29
24 41
24 43
24 52
24 57
25 29
25 31
25 41
25 43
25 48
25 51
25 52
25 53
25 55
25 56
25 57
25 58
25 62
26 5
26 9
26 11
26 14
26 16
26 18
26 19
26 22
26 24
26 25
26 28
26 29
26 36
26 37
26 40
26 41
26 44
26 47
26 49
26 52
26 54
26 57
26 59
26 64
26 65
27 9
27 11
27 14
27 16
27 18
27 19
27 22
27 25
27 28
27 29
27 36
27 41
27 44
27 47
27 52
27 54
27 57
27 59
27 64
28 8
28 9
28 11
28 14
28 16
28 19
28 22
28 24
28 25
28 29
28 31
28 36
28 41
28 43
28 44
28 52
28 53
28 57
28 59
29 43
29 48
30 9
30 11
30 14
30 16
30 18
30 19
30 22
30 24
30 25
30 28
30 29
30 36
30 41
30 44
30 47
30 52
30 54
30 57
30 59
30 64
31 29
32 9
32 11
32 16
32 18
32 19
32 25
32 29
32 36
32 41
32 54
32 57
33 9
33 11
33 14
33 16
33 18
33 19
33 22
33 25
33 29
33 36
33 41
33 47
33 52
33 54
33 57
34 9
34 11
34 14
34 16
34 18
34 19
34 22
34 25
34 29
34 36
34 41
34 47
34 52
34 54
34 57
34 59
35 9
35 16
35 19
35 25
35 40
35 57
37 5
37 9
37 11
37 14
37 16
37 18
37 19
37 22
37 24
37 25
37 28
37 29
37 30
37 36
37 40
37 41
37 43
37 44
37 47
37 49
37 50
37 52
37 54
37 57
37 59
37 64
37 65
38 3
38 5
38 7
38 9
38 10
38 11
38 12
38 14
38 16
38 18
38 19
38 22
38 23
38 24
38 25
38 26
38 28
38 29
38 30
38 36
38 37
38 39
38 40
38 41
38 43
38 44
38 46
38 47
38 49
38 50
38 52
38 53
38 54
38 57
38 59
38 64
38 65
38 66
39 1
39 4
39 5
39 8
39 9
39 11
39 13
39 14
39 16
39 18
39 19
39 22
39 24
39 25
39 26
39 27
39 28
39 29
39 30
39 31
39 32
39 33
39 34
39 36
39 37
39 40
39 41
39 43
39 44
39 45
39 46
39 47
39 48
39 49
39 50
39 51
39 52
39 53
39 54
39 55
39 56
39 57
39 58
39 59
39 62
39 63
39 64
39 65
39 67
40 1
40 4
40 5
40 6
40 8
40 9
40 11
40 13
40 14
40 15
40 16
40 18
40 19
40 20
40 22
40 24
40 25
40 27
40 28
40 29
40 30
40 31
40 32
40 33
40 34
40 36
40 41
40 42
40 43
40 44
40 45
40 47
40 48
40 49
40 50
40 51
40 52
40 53
40 54
40 55
40 56
40 57
40 58
40 59
40 61
40 62
40 64
40 65
41 29
41 31
41 43
41 48
41 51
41 52
41 53
41 55
42 19
42 57
44 9
44 14
44 16
44 19
44 22
44 24
44 25
44 29
44 31
44 36
44 41
44 43
44 51
44 52
44 53
44 57
45 9
45 25
45 29
45 41
45 57
46 5
46 9
46 11
46 14
46 16
46 18
46 19
46 22
46 24
46 25
46 26
46 28
46 29
46 30
46 36
46 37
46 40
46 41
46 43
46 44
46 47
46 49
46 50
46 52
46 54
46 57
46 59
46 64
46 65
47 8
47 9
47 11
47 14
47 16
47 18
47 19
47 22
47 24
47 25
47 28
47 29
47 31
47 36
47 41
47 43
47 44
47 45
47 51
47 52
47 53
47 56
47 57
47 58
47 59
49 9
49 11
49 14
49 16
49 18
49 19
49 22
49 24
49 25
49 28
49 29
49 30
49 31
49 36
49 41
49 43
49 44
49 47
49 50
49 52
49 53
49 54
49 57
49 59
49 64
50 9
50 11
50 14
50 16
50 18
50 19
50 22
50 24
50 25
50 28
50 29
50 36
50 41
50 43
50 44
50 47
50 52
50 54
50 57
50 59
50 64
51 29
52 29
52 31
52 43
52 51
53 29
53 52
54 8
54 9
54 11
54 14
54 16
54 18
54 19
54 22
54 24
54 25
54 28
54 29
54 31
54 36
54 41
54 43
54 44
54 45
54 47
54 48
54 51
54 52
54 53
54 55
54 56
54 57
54 58
54 59
54 62
54 64
55 29
56 29
56 41
56 57
57 15
57 29
57 31
57 41
57 43
57 48
57 51
57 52
57 53
57 55
57 58
58 29
58 41
58 52
59 8
59 9
59 11
59 14
59 16
59 19
59 22
59 24
59 25
59 29
59 31
59 36
59 41
59 43
59 44
59 51
59 52
59 53
59 57
60 7
60 9
60 11
60 14
60 16
60 18
60 19
60 22
60 25
60 29
60 36
60 39
60 40
60 41
60 47
60 54
60 57
60 65
62 29
62 41
62 57
63 9
63 16
63 19
63 25
63 40
63 57
65 4
65 8
65 9
65 11
65 14
65 16
65 18
65 19
65 22
65 24
65 25
65 27
65 28
65 29
65 30
65 31
65 32
65 33
65 34
65 36
65 41
65 43
65 44
65 45
65 47
65 48
65 49
65 50
65 51
65 52
65 53
65 54
65 56
65 57
65 58
65 59
65 64
66 9
66 11
66 14
66 16
66 18
66 19
66 22
66 24
66 25
66 28
66 29
66 36
66 39
66 40
66 41
66 44
66 46
66 47
66 49
66 52
66 54
66 57
66 59
66 64
66 65
67 9
67 11
67 14
67 16
67 18
67 19
67 22
67 25
67 28
67 29
67 36
67 40
67 41
67 44
67 47
67 52
67 54
67 57
67 59
67 64
67 65
