99 1941
1 2
1 3
1 4
1 6
1 7
1 8
1 9
1 11
1 14
1 15
1 17
1 19
1 20
1 21
1 22
1 23
1 25
1 26
1 27
1 28
1 29
1 31
1 34
1 35
1 36
1 37
1 39
1 40
1 42
1 43
1 44
1 45
1 46
1 47
1 51
1 53
1 54
1 56
1 57
1 59
1 60
1 62
1 63
1 65
1 66
1 67
1 68
1 69
1 70
1 71
1 76
1 77
1 78
1 79
1 81
1 83
1 85
1 86
1 87
1 89
1 90
1 92
1 95
1 98
1 99
2 3
2 6
2 8
2 9
2 11
2 14
2 20
2 21
2 22
2 26
2 27
2 28
2 35
2 37
2 39
2 43
2 44
2 47
2 51
2 53
2 54
2 57
2 60
2 63
2 65
2 66
2 67
2 70
2 71
2 79
2 83
2 90
2 92
2 95
2 99
3 44
3 99
4 44
5 1
5 2
5 3
5 6
5 7
5 8
5 9
5 10
5 11
5 14
5 15
5 17
5 19
5 20
5 21
5 22
5 23
5 25
5 26
5 27
5 28
5 29
5 31
5 34
5 35
5 36
5 37
5 39
5 40
5 42
5 43
5 44
5 45
5 46
5 47
5 49
5 50
5 51
5 52
5 53
5 54
5 56
5 57
5 58
5 59
5 60
5 62
5 63
5 65
5 66
5 67
5 69
5 70
5 71
5 73
5 74
5 75
5 76
5 79
5 81
5 83
5 85
5 86
5 88
5 90
5 92
5 93
5 94
5 95
5 97
5 98
5 99
6 14
6 20
6 26
6 44
6 53
6 57
6 67
6 79
6 90
6 99
7 2
7 3
7 6
7 8
7 9
7 11
7 14
7 15
7 17
7 20
7 21
7 22
7 26
7 27
7 28
7 29
7 35
7 37
7 39
7 40
7 43
7 44
7 46
7 47
7 51
7 53
7 54
7 56
7 57
7 60
7 63
7 65
7 66
7 67
7 70
7 71
7 77
7 78
7 79
7 83
7 90
7 92
7 95
7 99
8 44
8 57
8 83
8 99
9 20
9 44
9 57
9 79
9 83
9 90
9 95
9 99
11 20
11 44
11 57
11 79
11 99
12 1
12 2
12 3
12 5
12 6
12 7
12 8
12 9
12 10
12 11
12 14
12 15
12 16
12 17
12 19
12 20
12 21
12 22
12 23
12 25
12 26
12 27
12 28
12 29
12 30
12 31
12 32
12 34
12 35
12 36
12 37
12 39
12 40
12 42
12 43
12 44
12 45
12 46
12 47
12 49
12 50
12 51
12 52
12 53
12 54
12 55
12 56
12 57
12 58
12 59
12 60
12 61
12 62
12 63
12 64
12 65
12 66
12 67
12 69
12 70
12 71
12 72
12 73
12 74
12 75
12 76
12 77
12 78
12 79
12 81
12 83
12 84
12 85
12 86
12 87
12 88
12 89
12 90
12 91
12 92
12 93
12 94
12 95
12 96
12 97
12 98
12 99
13 1
13 2
13 3
13 5
13 6
13 7
13 8
13 9
13 11
13 12
13 14
13 18
13 19
13 20
13 23
13 25
13 26
13 28
13 31
13 32
13 35
13 36
13 37
13 39
13 41
13 42
13 43
13 44
13 45
13 46
13 48
13 49
13 50
13 51
13 52
13 53
13 54
13 55
13 56
13 57
13 58
13 60
13 65
13 67
13 70
13 73
13 75
13 79
13 81
13 83
13 85
13 90
13 92
13 93
13 94
13 95
13 96
13 98
13 99
14 3
14 8
14 9
14 20
14 26
14 37
14 43
14 44
14 54
14 57
14 67
14 79
14 83
14 90
14 92
14 95
14 99
15 44
15 99
16 1
16 7
16 25
16 35
16 44
16 56
16 85
16 99
17 2
17 20
17 28
17 35
17 44
17 57
17 65
17 67
17 79
17 90
17 99
18 1
18 2
18 3
18 5
18 6
18 7
18 8
18 9
18 11
18 12
18 14
18 17
18 19
18 20
18 21
18 22
18 23
18 25
18 26
18 27
18 28
18 31
18 32
18 35
18 36
18 37
18 39
18 40
18 42
18 43
18 44
18 45
18 46
18 47
18 49
18 50
18 51
18 52
18 53
18 54
18 55
18 56
18 57
18 58
18 59
18 60
18 61
18 62
18 63
18 65
18 66
18 67
18 70
18 71
18 73
18 74
18 75
18 76
18 79
18 81
18 83
18 84
18 85
18 86
18 88
18 90
18 91
18 92
18 93
18 94
18 95
18 96
18 97
18 98
18 99
19 2
19 7
19 14
19 20
19 25
19 26
19 28
19 35
19 37
19 39
19 44
19 46
19 53
19 56
19 57
19 65
19 67
19 79
19 83
19 85
19 90
19 95
19 99
20 3
20 8
20 21
20 27
20 43
20 44
20 51
20 54
20 57
20 66
20 83
20 99
21 44
21 57
21 99
22 20
22 44
22 57
22 99
23 2
23 3
23 6
23 7
23 8
23 9
23 11
23 14
23 19
23 20
23 25
23 26
23 28
23 31
23 35
23 36
23 37
23 39
23 43
23 44
23 46
23 53
23 54
23 56
23 57
23 60
23 65
23 67
23 79
23 83
23 85
23 90
23 92
23 95
23 98
23 99
24 1
24 7
24 12
24 25
24 32
24 35
24 44
24 58
25 2
25 3
25 6
25 7
25 8
25 9
25 11
25 14
25 15
25 17
25 20
25 21
25 22
25 26
25 27
25 28
25 29
25 35
25 37
25 39
25 40
25 43
25 44
25 46
25 47
25 51
25 53
25 54
25 56
25 57
25 60
25 63
25 65
25 66
25 67
25 70
25 71
25 77
25 78
25 79
25 83
25 85
25 90
25 92
25 95
25 99
26 3
26 8
26 9
26 11
26 20
26 37
26 43
26 44
26 51
26 54
26 57
26 67
26 79
26 83
26 90
26 95
26 99
27 44
27 57
27 99
29 20
29 44
29 99
30 1
30 7
30 25
30 35
30 44
30 99
31 2
31 3
31 6
31 7
31 8
31 9
31 11
31 14
31 17
31 19
31 20
31 21
31 25
31 26
31 28
31 35
31 37
31 39
31 43
31 44
31 46
31 51
31 53
31 54
31 56
31 57
31 60
31 62
31 63
31 65
31 67
31 70
31 71
31 79
31 83
31 85
31 90
31 92
31 95
31 98
31 99
32 1
32 2
32 3
32 5
32 6
32 7
32 8
32 9
32 10
32 11
32 14
32 15
32 16
32 17
32 19
32 20
32 21
32 22
32 23
32 25
32 26
32 27
32 28
32 29
32 30
32 31
32 34
32 35
32 36
32 37
32 39
32 40
32 42
32 43
32 44
32 45
32 46
32 47
32 49
32 50
32 51
32 52
32 53
32 54
32 55
32 56
32 57
32 58
32 59
32 60
32 61
32 62
32 63
32 64
32 65
32 66
32 67
32 68
32 69
32 70
32 71
32 72
32 73
32 74
32 75
32 76
32 77
32 78
32 79
32 81
32 83
32 84
32 85
32 86
32 87
32 88
32 89
32 90
32 92
32 93
32 94
32 95
32 96
32 97
32 98
32 99
33 1
33 5
33 7
33 12
33 25
33 32
33 35
33 44
33 56
33 58
33 75
33 85
33 99
34 7
34 25
34 35
34 44
34 56
34 85
34 99
36 2
36 3
36 6
36 7
36 8
36 9
36 11
36 14
36 17
36 19
36 20
36 21
36 25
36 26
36 27
36 28
36 31
36 35
36 37
36 39
36 43
36 44
36 46
36 51
36 53
36 54
36 56
36 57
36 60
36 62
36 63
36 65
36 67
36 70
36 71
36 79
36 83
36 85
36 90
36 92
36 95
36 98
36 99
37 20
37 44
37 54
37 57
37 79
37 83
37 90
37 99
38 44
40 44
40 99
41 1
41 2
41 3
41 5
41 6
41 7
41 8
41 9
41 11
41 12
41 14
41 17
41 18
41 19
41 20
41 21
41 23
41 25
41 26
41 28
41 31
41 32
41 35
41 36
41 37
41 39
41 42
41 43
41 44
41 45
41 46
41 49
41 50
41 51
41 52
41 53
41 54
41 55
41 56
41 57
41 58
41 60
41 63
41 65
41 67
41 70
41 73
41 74
41 75
41 76
41 79
41 81
41 83
41 85
41 86
41 88
41 90
41 91
41 92
41 93
41 94
41 95
41 96
41 98
41 99
42 2
42 3
42 7
42 8
42 14
42 19
42 20
42 23
42 25
42 26
42 28
42 31
42 35
42 36
42 37
42 39
42 44
42 45
42 46
42 53
42 54
42 56
42 57
42 60
42 65
42 67
42 79
42 81
42 83
42 85
42 90
42 92
42 95
42 98
42 99
44 43
44 51
44 54
44 99
45 2
45 3
45 6
45 7
45 8
45 9
45 11
45 14
45 15
45 17
45 19
45 20
45 21
45 22
45 23
45 25
45 26
45 27
45 28
45 29
45 31
45 35
45 36
45 37
45 39
45 40
45 43
45 44
45 46
45 47
45 51
45 53
45 54
45 56
45 57
45 60
45 62
45 63
45 65
45 66
45 67
45 69
45 70
45 71
45 76
45 79
45 83
45 85
45 86
45 90
45 92
45 95
45 98
45 99
46 2
46 14
46 20
46 26
46 28
46 35
46 39
46 44
46 53
46 56
46 57
46 60
46 65
46 67
46 79
46 83
46 90
46 95
46 99
48 1
48 2
48 3
48 5
48 6
48 7
48 8
48 9
48 10
48 11
48 12
48 14
48 15
48 16
48 17
48 18
48 19
48 20
48 21
48 22
48 23
48 25
48 26
48 27
48 28
48 29
48 31
48 32
48 33
48 34
48 35
48 36
48 37
48 39
48 40
48 41
48 42
48 43
48 44
48 45
48 46
48 47
48 49
48 50
48 51
48 52
48 53
48 54
48 55
48 56
48 57
48 58
48 59
48 60
48 61
48 62
48 63
48 65
48 66
48 67
48 69
48 70
48 71
48 73
48 74
48 75
48 76
48 77
48 79
48 81
48 83
48 84
48 85
48 86
48 87
48 88
48 90
48 91
48 92
48 93
48 94
48 95
48 96
48 97
48 98
48 99
49 1
49 2
49 3
49 6
49 7
49 8
49 9
49 11
49 14
49 19
49 20
49 23
49 25
49 26
49 28
49 31
49 35
49 36
49 37
49 39
49 42
49 43
49 44
49 45
49 46
49 51
49 53
49 54
49 56
49 57
49 60
49 65
49 67
49 70
49 79
49 81
49 83
49 85
49 90
49 92
49 95
49 98
49 99
50 1
50 7
50 19
50 23
50 25
50 31
50 36
50 42
50 45
50 46
50 49
50 56
50 58
50 59
50 62
50 73
50 74
50 75
50 76
50 81
50 85
50 86
50 93
50 94
50 97
50 98
52 1
52 2
52 3
52 6
52 7
52 8
52 9
52 10
52 11
52 14
52 15
52 17
52 19
52 20
52 21
52 22
52 23
52 25
52 26
52 27
52 28
52 29
52 31
52 34
52 35
52 36
52 37
52 39
52 40
52 42
52 43
52 44
52 45
52 46
52 47
52 49
52 50
52 51
52 53
52 54
52 56
52 57
52 58
52 59
52 60
52 62
52 63
52 65
52 66
52 67
52 69
52 70
52 71
52 73
52 74
52 75
52 76
52 77
52 79
52 81
52 83
52 85
52 86
52 88
52 90
52 92
52 93
52 94
52 95
52 97
52 98
52 99
53 3
53 8
53 9
53 11
53 14
53 20
53 26
53 37
53 43
53 44
53 51
53 54
53 57
53 67
53 70
53 79
53 83
53 90
53 92
53 95
53 99
54 99
55 1
55 2
55 3
55 5
55 6
55 7
55 8
55 9
55 11
55 14
55 17
55 19
55 20
55 21
55 23
55 25
55 26
55 28
55 31
55 35
55 36
55 37
55 39
55 42
55 43
55 44
55 45
55 46
55 49
55 50
55 51
55 52
55 53
55 54
55 56
55 57
55 58
55 60
55 63
55 65
55 67
55 70
55 73
55 74
55 75
55 76
55 79
55 81
55 83
55 85
55 86
55 88
55 90
55 92
55 93
55 94
55 95
55 96
55 97
55 98
55 99
56 2
56 3
56 6
56 8
56 9
56 11
56 14
56 15
56 17
56 20
56 21
56 22
56 26
56 27
56 28
56 29
56 35
56 37
56 39
56 40
56 43
56 44
56 47
56 51
56 53
56 54
56 57
56 60
56 63
56 65
56 66
56 67
56 70
56 71
56 77
56 79
56 83
56 90
56 92
56 95
56 99
57 3
57 43
57 44
57 51
57 54
57 66
57 83
57 99
59 2
59 7
59 20
59 25
59 35
59 44
59 45
59 56
59 57
59 85
59 99
61 1
61 5
61 7
61 20
61 25
61 35
61 44
61 45
61 50
61 52
61 56
61 58
61 73
61 75
61 85
61 99
62 2
62 7
62 20
62 25
62 28
62 35
62 44
62 56
62 57
62 65
62 67
62 79
62 85
62 90
62 99
63 20
63 44
63 57
63 79
63 90
63 99
64 1
64 7
64 35
64 44
65 3
65 6
65 8
65 9
65 11
65 14
65 20
65 21
65 22
65 26
65 27
65 28
65 35
65 37
65 39
65 43
65 44
65 47
65 51
65 53
65 54
65 57
65 60
65 63
65 66
65 67
65 70
65 71
65 79
65 83
65 90
65 92
65 95
65 99
66 44
66 99
67 3
67 8
67 9
67 11
67 20
67 21
67 27
67 37
67 43
67 44
67 51
67 54
67 57
67 63
67 66
67 70
67 79
67 83
67 90
67 95
67 99
68 7
68 44
69 7
69 25
69 35
69 44
69 56
69 85
69 99
70 20
70 44
70 57
70 79
70 99
71 20
71 44
71 57
71 67
71 79
71 90
71 99
73 1
73 2
73 3
73 6
73 7
73 8
73 9
73 11
73 14
73 17
73 19
73 20
73 21
73 22
73 23
73 25
73 26
73 27
73 28
73 29
73 31
73 34
73 35
73 36
73 37
73 39
73 40
73 42
73 43
73 44
73 45
73 46
73 47
73 49
73 51
73 53
73 54
73 56
73 57
73 59
73 60
73 62
73 63
73 65
73 66
73 67
73 69
73 70
73 71
73 74
73 76
73 79
73 81
73 83
73 85
73 86
73 90
73 92
73 95
73 98
73 99
74 1
74 2
74 7
74 20
74 25
74 28
74 31
74 35
74 36
74 44
74 45
74 49
74 56
74 57
74 65
74 67
74 79
74 81
74 85
74 90
74 99
76 2
76 7
76 20
76 25
76 28
76 31
76 35
76 36
76 44
76 53
76 56
76 57
76 65
76 67
76 79
76 85
76 90
76 99
77 44
77 99
78 44
78 99
79 3
79 8
79 20
79 21
79 27
79 43
79 44
79 51
79 54
79 57
79 66
79 83
79 99
80 1
81 2
81 3
81 6
81 7
81 8
81 9
81 11
81 14
81 19
81 20
81 21
81 23
81 25
81 26
81 28
81 31
81 35
81 36
81 37
81 39
81 43
81 44
81 45
81 46
81 51
81 53
81 54
81 56
81 57
81 60
81 63
81 65
81 67
81 70
81 76
81 79
81 83
81 85
81 86
81 90
81 92
81 95
81 98
81 99
82 1
82 32
82 44
83 3
83 43
83 44
83 54
83 99
84 1
84 2
84 5
84 7
84 20
84 25
84 35
84 44
84 45
84 50
84 52
84 56
84 57
84 58
84 65
84 67
84 73
84 75
84 85
84 99
85 2
85 3
85 6
85 7
85 8
85 9
85 11
85 14
85 15
85 17
85 20
85 21
85 22
85 26
85 27
85 28
85 29
85 35
85 37
85 39
85 40
85 43
85 44
85 46
85 47
85 51
85 53
85 54
85 56
85 57
85 60
85 63
85 65
85 66
85 67
85 70
85 71
85 77
85 79
85 83
85 90
85 92
85 95
85 99
86 2
86 7
86 20
86 25
86 28
86 31
86 35
86 36
86 44
86 56
86 57
86 65
86 67
86 79
86 85
86 90
86 99
87 7
87 25
87 35
87 44
87 56
87 85
87 99
88 1
88 2
88 7
88 20
88 25
88 28
88 31
88 35
88 36
88 44
88 45
88 49
88 50
88 53
88 56
88 57
88 58
88 65
88 67
88 73
88 75
88 79
88 81
88 85
88 90
88 93
88 99
89 44
90 3
90 8
90 11
90 20
90 21
90 27
90 43
90 44
90 51
90 54
90 57
90 70
90 79
90 83
90 99
91 1
91 2
91 5
91 7
91 20
91 25
91 28
91 31
91 32
91 35
91 36
91 44
91 45
91 50
91 52
91 56
91 57
91 58
91 65
91 67
91 73
91 75
91 79
91 85
91 90
91 99
92 20
92 26
92 44
92 57
92 67
92 79
92 83
92 90
92 95
92 99
95 3
95 8
95 20
95 37
95 44
95 54
95 57
95 79
95 83
95 90
95 99
96 1
96 2
96 5
96 7
96 14
96 20
96 23
96 25
96 26
96 28
96 31
96 35
96 36
96 44
96 45
96 49
96 50
96 52
96 53
96 56
96 57
96 58
96 65
96 67
96 73
96 75
96 79
96 81
96 85
96 90
96 93
96 95
96 99
98 2
98 7
98 14
98 20
98 25
98 26
98 28
98 35
98 37
98 39
98 44
98 46
98 53
98 56
98 57
98 60
98 65
98 67
98 79
98 83
98 85
98 90
98 92
98 95
98 99
99 43
99 51
