68 469
1 5
1 10
1 22
1 39
1 40
1 48
1 59
1 60
1 66
2 3
2 9
2 22
2 28
2 29
2 62
3 28
4 10
4 12
4 13
4 24
4 29
4 47
4 53
4 62
5 55
5 61
6 43
6 64
7 4
7 6
7 13
7 36
7 38
7 42
7 47
7 56
7 59
7 61
8 6
8 10
8 15
8 22
8 31
8 52
8 62
8 66
9 15
9 28
9 43
9 61
10 6
10 13
10 19
10 41
10 43
10 51
10 64
11 28
12 11
12 22
12 49
13 3
13 6
13 12
13 59
13 62
13 68
14 7
14 9
14 10
14 13
14 17
14 18
14 20
14 24
14 28
14 33
14 37
14 52
14 60
14 62
14 68
15 3
15 6
15 11
15 55
15 64
16 3
16 4
16 15
16 18
16 22
16 29
16 31
16 33
16 36
16 44
16 46
16 52
16 64
17 5
17 10
17 12
17 31
17 32
17 43
17 45
17 47
17 48
17 60
17 68
18 3
18 12
18 24
18 31
18 36
18 39
18 55
18 60
19 5
19 6
19 13
19 15
19 43
20 4
20 10
20 12
20 19
20 22
20 24
20 27
20 32
20 36
20 47
20 59
20 65
20 67
21 4
21 8
21 9
21 19
21 28
21 30
21 35
21 38
21 40
21 41
21 47
21 55
21 62
21 65
22 3
23 2
23 11
23 29
23 32
23 51
24 5
24 15
24 31
24 49
24 61
25 9
25 19
25 22
25 26
25 33
25 43
25 47
25 48
25 62
25 64
26 2
26 9
26 22
26 49
26 55
26 61
27 36
27 43
27 49
29 49
29 51
29 55
30 2
30 6
30 11
30 27
30 55
30 56
30 61
30 66
31 36
32 5
32 11
32 12
32 31
32 47
32 49
32 55
33 9
33 15
33 23
33 31
33 32
33 36
33 39
33 55
34 11
34 12
34 15
34 17
34 19
34 26
34 36
34 39
34 40
34 49
34 53
34 60
34 66
35 2
35 17
35 28
35 31
35 32
35 41
35 51
35 58
35 59
35 62
36 22
36 28
36 49
36 68
37 6
37 12
37 19
37 24
37 29
37 30
37 51
37 56
37 60
38 22
38 23
38 33
38 46
38 47
38 53
38 55
38 56
38 65
38 68
39 5
39 22
39 28
39 41
39 53
39 60
39 61
39 62
40 9
40 18
40 25
40 36
40 39
40 47
40 48
40 49
40 62
41 9
41 12
41 13
41 27
41 29
41 60
42 2
42 6
42 27
42 28
42 49
42 51
42 60
42 61
42 66
43 28
44 2
44 5
44 10
44 11
44 26
44 33
44 41
44 45
44 52
44 53
44 56
44 60
45 4
45 18
45 19
45 25
45 29
45 43
45 48
45 51
45 53
45 61
45 68
46 5
46 6
46 10
46 23
46 26
46 32
46 36
46 39
46 43
46 49
46 60
46 65
46 67
48 2
48 26
48 31
48 47
48 59
48 61
50 22
50 23
50 24
50 26
50 30
50 37
50 38
50 42
50 46
50 47
50 48
50 52
50 60
50 64
50 68
51 3
51 11
51 28
52 10
52 11
52 13
52 19
52 43
52 60
52 61
52 68
53 3
53 29
53 31
53 43
53 49
53 60
53 64
53 68
54 1
54 6
54 8
54 10
54 12
54 24
54 27
54 30
54 34
54 45
56 3
56 18
56 23
56 32
56 43
56 62
56 65
57 4
57 5
57 7
57 13
57 16
57 18
57 19
57 25
57 27
57 28
57 30
57 35
57 37
57 51
57 54
57 67
58 1
58 5
58 8
58 23
58 26
58 33
58 45
58 47
58 48
58 49
58 52
58 65
59 11
59 15
59 27
59 62
60 27
60 29
60 64
60 68
61 28
61 31
61 55
61 64
62 6
62 22
62 31
62 64
63 2
63 9
63 11
63 19
63 22
63 27
63 32
63 35
63 37
63 42
63 47
63 57
63 58
63 62
63 64
63 67
64 3
64 11
64 22
65 5
65 23
65 25
65 26
65 29
65 39
65 41
65 59
66 3
66 23
66 31
66 41
66 51
66 53
66 64
66 65
66 67
67 24
67 25
67 39
67 40
67 43
67 48
67 53
67 59
68 43
