100 1060
1 10
1 11
1 21
1 27
1 28
1 37
1 38
1 49
1 63
1 68
1 71
1 75
1 76
1 77
1 84
1 86
1 89
1 95
2 3
2 4
2 7
2 8
2 11
2 16
2 27
2 44
2 45
2 58
2 65
2 74
2 75
2 80
2 94
2 99
3 4
3 75
4 75
4 91
5 11
5 14
5 20
5 60
5 62
5 63
5 77
5 91
6 20
6 31
6 32
6 45
6 48
6 59
6 62
6 64
6 70
6 71
6 72
6 74
6 80
6 88
7 3
7 5
7 16
7 24
7 27
7 29
7 30
7 37
7 38
7 40
7 44
7 45
7 55
7 64
8 24
8 42
9 2
9 3
9 5
9 6
9 30
9 40
9 42
9 49
9 51
9 53
9 57
9 62
9 68
9 72
9 73
9 77
9 78
9 80
9 82
9 84
9 85
9 97
9 100
10 3
10 14
10 29
10 30
10 31
10 36
10 38
10 47
10 59
10 65
10 67
10 76
10 80
10 87
10 99
10 100
12 2
12 7
12 11
12 16
12 24
12 29
12 38
12 40
12 44
12 48
12 49
12 53
12 57
12 62
12 64
12 65
12 67
12 69
12 70
12 71
12 75
12 77
12 81
12 82
12 95
13 11
13 27
14 11
14 24
15 4
15 7
15 11
15 13
15 21
15 26
15 38
15 40
15 41
15 45
15 52
15 63
15 64
15 72
15 87
15 99
16 3
16 8
16 13
16 29
16 31
16 51
16 55
16 62
16 74
16 75
16 83
17 3
17 14
17 27
17 36
17 64
18 4
18 6
18 19
18 20
18 21
18 30
18 32
18 40
18 44
18 52
18 54
18 58
18 63
18 69
18 78
18 89
18 90
18 96
19 3
19 4
19 13
19 17
19 26
19 30
19 36
19 38
19 49
19 52
19 53
19 54
19 64
19 65
19 77
19 85
19 93
19 94
19 95
19 96
20 75
20 80
20 81
20 83
21 14
21 17
21 20
21 36
21 37
21 45
21 52
21 58
21 63
21 67
21 87
21 93
21 94
21 97
22 10
22 13
22 17
22 20
22 27
22 48
22 59
22 67
22 71
22 74
22 75
22 82
22 89
22 91
22 94
23 4
23 17
23 29
23 35
23 36
23 40
23 41
23 55
23 60
23 75
23 76
23 89
25 2
25 5
25 12
25 16
25 21
25 22
25 24
25 41
25 57
25 60
25 61
25 71
25 75
25 78
26 20
26 21
26 29
26 31
26 42
26 44
26 60
26 62
26 75
26 80
27 8
27 42
27 47
28 16
28 20
28 37
28 44
28 46
28 59
28 65
28 67
28 70
28 71
28 82
28 87
28 99
29 3
29 83
30 8
30 24
30 38
30 40
30 44
30 51
30 52
30 58
30 60
30 64
30 74
30 81
30 82
30 86
30 91
31 47
31 81
31 97
32 2
32 10
32 30
32 44
32 47
32 53
32 58
32 60
32 61
32 62
32 65
32 70
32 73
32 81
32 83
32 88
32 98
33 6
33 11
33 17
33 20
33 23
33 38
33 45
33 55
33 59
33 61
33 63
33 67
33 72
33 83
33 91
33 93
33 95
33 96
33 98
33 99
33 100
34 2
34 5
34 15
34 17
34 22
34 24
34 29
34 41
34 46
34 52
34 53
34 58
34 59
34 64
34 69
34 80
34 82
34 85
34 94
34 97
34 98
35 5
35 13
35 17
35 24
35 36
35 63
35 71
35 74
35 80
35 100
36 4
36 11
36 14
36 27
36 29
36 47
36 91
37 17
37 24
37 31
37 42
37 51
37 58
37 62
37 91
37 99
38 13
38 14
38 80
38 91
39 7
39 10
39 13
39 14
39 15
39 16
39 19
39 20
39 21
39 46
39 54
39 55
39 71
39 82
39 83
39 84
39 85
39 89
39 94
40 38
40 45
40 48
40 58
40 60
40 74
40 75
41 2
41 10
41 13
41 31
41 35
41 36
41 40
41 60
41 63
41 64
41 75
41 76
41 81
41 86
41 87
41 94
41 97
41 99
43 3
43 4
43 6
43 8
43 11
43 20
43 24
43 28
43 35
43 38
43 40
43 42
43 44
43 46
43 49
43 53
43 58
43 63
43 67
43 71
43 75
43 80
43 86
43 89
43 96
44 8
44 11
44 55
44 62
44 80
44 97
45 8
45 14
45 29
45 60
45 64
45 67
45 91
46 14
46 27
46 36
46 42
46 51
46 62
46 72
46 74
46 75
46 81
46 87
46 91
46 99
47 8
47 11
47 42
48 3
48 4
48 11
48 13
48 24
48 27
48 38
48 42
48 63
49 5
49 31
49 32
49 38
49 47
49 51
49 53
49 81
49 83
49 86
49 87
49 93
49 98
50 3
50 14
50 15
50 16
50 22
50 26
50 44
50 47
50 52
50 53
50 69
50 73
50 76
50 77
50 81
50 82
50 91
50 94
50 98
50 100
51 4
51 13
51 42
51 47
51 62
51 63
51 86
51 97
52 3
52 20
52 24
52 44
52 45
52 62
52 75
52 83
52 88
53 17
53 21
53 30
53 38
53 52
53 60
53 65
53 77
53 81
53 86
54 2
54 6
54 8
54 21
54 22
54 28
54 31
54 46
54 62
54 65
54 77
54 80
54 86
54 87
54 88
54 97
54 98
55 3
55 4
55 8
55 42
55 63
55 67
55 77
55 83
55 94
56 4
56 16
56 23
56 28
56 31
56 45
56 47
56 55
56 57
56 67
56 74
56 76
56 89
56 91
57 10
57 13
57 28
57 38
57 41
57 51
57 58
57 71
57 82
57 89
57 93
57 94
57 100
58 4
58 20
58 60
58 65
58 80
58 89
58 91
58 94
58 100
59 4
59 7
59 13
59 42
59 47
59 63
59 64
59 65
59 72
59 82
59 89
59 91
60 3
60 8
60 20
60 42
60 75
60 83
60 91
60 94
61 11
61 13
61 14
61 26
61 30
61 31
61 47
61 52
61 67
61 72
61 89
62 3
62 14
62 64
64 24
65 8
65 11
65 14
65 38
65 91
66 4
66 20
66 24
66 27
66 34
66 35
66 37
66 41
66 42
66 46
66 52
66 56
66 68
66 70
66 85
66 90
66 91
66 93
66 99
67 4
67 8
67 20
67 27
67 62
67 81
68 7
68 13
68 20
68 23
68 31
68 32
68 36
68 37
68 40
68 45
68 48
68 54
68 63
68 82
68 87
68 88
68 94
68 98
68 100
69 6
69 8
69 11
69 13
69 24
69 42
69 48
69 51
69 53
69 58
69 63
69 65
69 71
69 80
69 83
69 85
69 94
70 3
70 13
70 38
70 44
70 48
70 58
70 60
70 64
70 71
70 77
70 87
70 93
71 5
71 20
71 62
71 64
72 4
72 27
72 36
72 40
72 45
72 47
72 51
72 52
72 58
72 67
72 87
72 88
73 11
73 14
73 16
73 17
73 20
73 27
73 35
73 53
73 61
73 63
73 64
73 80
73 86
73 94
74 24
74 36
74 51
74 77
74 83
74 86
74 89
74 91
74 97
76 5
76 17
76 31
76 42
76 44
76 45
76 46
76 63
76 65
76 70
76 75
76 86
77 13
77 36
77 42
77 47
77 64
77 65
77 81
78 4
78 10
78 23
78 29
78 31
78 49
78 52
78 53
78 55
78 56
78 67
78 70
78 77
78 93
78 94
78 97
78 98
79 1
79 2
79 7
79 8
79 15
79 17
79 22
79 29
79 31
79 32
79 33
79 41
79 48
79 62
79 64
79 65
79 83
79 84
79 85
79 88
79 89
79 98
79 100
80 3
80 14
80 75
81 4
81 63
81 64
81 75
81 80
82 3
82 14
82 27
82 29
82 35
82 44
82 48
82 65
82 86
82 89
83 4
83 24
83 63
83 81
84 8
84 14
84 15
84 23
84 26
84 29
84 36
84 37
84 47
84 49
84 56
84 60
84 70
84 86
84 98
85 17
85 26
85 36
85 46
85 52
85 67
85 70
85 75
85 80
85 88
85 94
85 97
86 31
86 63
86 83
86 88
86 89
86 94
87 5
87 13
87 31
87 47
87 48
87 60
87 71
87 83
87 88
87 94
87 100
88 11
88 20
88 42
88 45
88 47
88 55
88 71
88 80
88 91
88 97
89 11
89 13
89 38
89 64
89 80
90 2
90 11
90 22
90 24
90 31
90 32
90 35
90 41
90 47
90 55
90 57
90 60
90 62
90 65
90 70
90 71
90 73
90 77
90 94
90 97
92 5
92 6
92 10
92 16
92 20
92 24
92 28
92 29
92 33
92 37
92 44
92 55
92 56
92 58
92 68
92 70
92 71
92 76
92 82
92 89
92 90
93 5
93 8
93 20
93 24
93 29
93 37
93 42
93 45
93 47
93 51
93 58
93 62
93 87
94 80
94 83
95 3
95 5
95 16
95 29
95 34
95 36
95 37
95 38
95 42
95 51
95 52
95 53
95 70
95 82
95 84
95 86
95 99
96 2
96 7
96 14
96 20
96 29
96 37
96 40
96 41
96 42
96 44
96 54
96 56
96 57
96 62
96 69
96 87
96 97
97 5
97 27
97 38
97 42
97 48
97 55
97 75
97 81
98 5
98 7
98 8
98 21
98 30
98 46
98 51
98 61
98 83
98 88
98 91
99 4
99 14
99 27
99 48
99 64
99 81
99 88
99 94
100 3
100 5
100 13
100 14
100 27
100 29
100 38
100 55
100 67
100 75
100 77
100 81
100 86
100 91
