150 2336
1 7
1 17
1 18
1 25
1 26
1 29
1 40
1 45
1 66
1 71
1 77
1 80
1 100
1 109
1 112
1 126
1 134
1 139
1 141
1 147
1 149
2 5
2 9
2 17
2 23
2 25
2 40
2 53
2 64
2 65
2 66
2 78
2 84
2 85
2 89
2 90
2 93
2 97
2 103
2 112
2 134
2 136
3 5
3 9
3 13
3 18
3 22
3 23
3 24
3 25
3 26
3 29
3 30
3 32
3 36
3 37
3 39
3 46
3 52
3 57
3 58
3 60
3 69
3 70
3 78
3 82
3 85
3 89
3 94
3 104
3 105
3 106
3 108
3 110
3 114
3 115
3 121
3 122
3 125
3 131
3 132
3 134
3 136
3 139
3 140
3 147
3 148
3 149
4 52
4 77
4 141
5 9
5 27
5 35
5 52
5 64
5 71
5 76
5 77
5 94
5 97
5 101
5 109
5 112
5 119
5 121
5 134
5 136
6 2
6 5
6 17
6 21
6 32
6 34
6 38
6 42
6 50
6 52
6 53
6 60
6 68
6 71
6 75
6 76
6 77
6 78
6 79
6 82
6 89
6 90
6 96
6 103
6 105
6 106
6 110
6 118
6 119
6 122
6 123
6 126
6 130
6 131
6 136
6 138
6 142
6 144
6 147
6 149
7 60
7 71
7 76
8 10
8 15
8 17
8 20
8 26
8 32
8 34
8 56
8 63
8 65
8 67
8 89
8 93
8 95
8 100
8 102
8 118
8 126
8 137
8 141
8 143
8 145
9 29
9 76
9 81
9 121
9 141
10 9
10 20
10 35
10 38
10 66
10 82
10 93
10 103
10 112
10 114
10 132
11 15
11 17
11 21
11 27
11 32
11 37
11 38
11 42
11 64
11 70
11 84
11 85
11 86
11 96
11 105
11 106
11 114
11 118
11 125
11 139
11 145
11 147
11 149
12 23
12 24
12 35
12 57
12 60
12 63
12 71
12 103
12 113
12 114
12 118
12 121
12 134
12 137
13 46
13 60
13 63
13 65
13 84
13 109
13 118
13 123
13 132
14 17
14 18
14 30
14 34
14 39
14 40
14 57
14 58
14 63
14 72
14 74
14 76
14 84
14 96
14 102
14 108
14 109
14 140
14 141
14 142
14 148
14 150
15 18
15 20
15 26
15 35
15 39
15 42
15 46
15 55
15 60
15 63
15 65
15 69
15 74
15 75
15 78
15 80
15 85
15 86
15 93
15 96
15 103
15 105
15 118
15 136
15 137
15 139
15 145
15 150
16 9
16 29
16 35
16 39
16 76
16 84
16 85
16 114
16 123
16 135
17 5
17 13
17 22
17 23
17 28
17 31
17 45
17 60
17 63
17 64
17 65
17 72
17 76
17 85
17 93
17 94
17 97
17 101
17 109
17 113
17 132
17 134
17 148
18 5
18 9
18 13
18 17
18 22
18 26
18 29
18 32
18 38
18 45
18 53
18 55
18 59
18 60
18 64
18 72
18 76
18 77
18 91
18 93
18 102
18 103
18 114
18 133
18 137
18 150
19 9
19 10
19 18
19 47
19 53
19 71
19 75
19 82
19 103
19 104
19 115
19 119
20 61
20 93
20 133
20 137
21 1
21 9
21 10
21 24
21 46
21 48
21 64
21 69
21 75
21 76
21 81
21 90
21 93
21 94
21 103
21 105
21 122
21 123
21 136
21 139
21 147
22 103
23 9
23 35
23 61
23 63
23 65
23 76
23 93
23 103
23 112
23 141
24 7
24 20
24 29
24 61
24 71
24 94
24 109
25 20
25 28
25 32
25 40
25 53
25 55
25 59
25 63
25 64
25 70
25 72
25 76
25 78
25 79
25 89
25 92
25 94
25 97
25 103
25 120
26 5
26 28
26 35
26 46
26 55
26 60
26 80
26 82
26 103
26 114
26 118
26 123
26 134
27 29
27 82
28 9
28 52
28 71
28 74
28 134
28 141
29 38
29 74
29 134
30 15
30 23
30 24
30 27
30 42
30 44
30 45
30 46
30 48
30 57
30 61
30 62
30 64
30 78
30 84
30 86
30 101
30 102
30 105
30 114
30 118
30 121
30 134
30 136
30 145
31 82
31 93
31 97
31 101
32 4
32 63
32 76
32 77
32 102
32 121
32 137
33 2
33 3
33 5
33 10
33 14
33 38
33 45
33 53
33 66
33 75
33 76
33 78
33 84
33 86
33 88
33 90
33 91
33 93
33 102
33 107
33 112
33 114
33 119
33 132
33 138
33 148
34 1
34 2
34 4
34 13
34 15
34 17
34 18
34 21
34 26
34 31
34 35
34 45
34 48
34 52
34 53
34 61
34 64
34 66
34 77
34 78
34 85
34 91
34 106
34 114
34 120
34 122
34 125
34 145
34 147
35 38
35 82
35 93
35 94
35 109
35 123
36 6
36 10
36 13
36 15
36 17
36 20
36 24
36 26
36 27
36 30
36 31
36 38
36 42
36 50
36 57
36 76
36 77
36 84
36 87
36 89
36 96
36 97
36 98
36 103
36 105
36 108
36 110
36 113
36 115
36 123
36 126
36 134
36 137
36 142
36 143
36 144
36 149
37 5
37 9
37 15
37 17
37 22
37 24
37 45
37 53
37 60
37 75
37 91
37 93
37 94
37 112
37 119
37 123
37 125
37 132
37 134
37 145
37 148
38 81
38 93
38 103
39 134
40 10
40 13
40 17
40 24
40 26
40 29
40 35
40 45
40 67
40 76
40 82
40 91
40 92
40 93
40 109
40 113
40 135
40 136
40 148
40 150
42 4
42 17
42 35
42 59
42 61
42 72
42 85
42 112
42 113
42 126
43 27
43 57
43 76
43 77
43 86
43 91
43 126
43 127
44 1
44 2
44 10
44 13
44 15
44 27
44 55
44 63
44 65
44 79
44 93
44 103
44 106
44 118
44 119
44 123
44 126
46 20
46 23
46 24
46 27
46 29
46 31
46 35
46 38
46 39
46 45
46 52
46 64
46 66
46 76
46 97
46 102
46 103
46 111
46 113
46 114
46 123
46 137
46 141
47 2
47 13
47 17
47 23
47 30
47 38
47 40
47 55
47 64
47 79
47 80
47 89
47 90
47 91
47 100
47 101
47 109
47 119
47 121
47 126
47 142
47 148
48 2
48 17
48 25
48 26
48 27
48 32
48 35
48 40
48 46
48 52
48 53
48 55
48 67
48 69
48 70
48 74
48 76
48 80
48 89
48 90
48 91
48 100
48 106
48 112
48 118
48 120
48 122
48 125
48 126
48 136
48 139
48 143
49 9
49 17
49 23
49 29
49 59
49 65
49 66
49 71
49 77
49 95
49 97
49 105
49 111
49 123
49 126
49 144
50 17
50 35
50 38
50 46
50 65
50 67
50 112
50 126
50 139
50 141
50 150
51 2
51 15
51 17
51 27
51 34
51 45
51 53
51 69
51 70
51 71
51 76
51 78
51 80
51 98
51 128
51 136
51 141
52 38
52 60
52 103
53 17
53 23
53 24
53 45
53 46
53 72
53 76
53 80
53 82
53 91
53 92
53 97
53 103
53 114
53 119
53 121
53 123
53 132
53 134
53 136
53 141
53 148
54 2
54 4
54 7
54 11
54 12
54 13
54 14
54 15
54 17
54 25
54 30
54 36
54 38
54 39
54 40
54 42
54 46
54 55
54 56
54 57
54 64
54 66
54 68
54 74
54 78
54 86
54 94
54 96
54 97
54 98
54 99
54 104
54 107
54 112
54 114
54 115
54 116
54 117
54 122
54 123
54 126
54 129
54 136
54 137
54 142
54 143
54 144
54 147
54 149
55 23
55 39
55 61
55 77
55 93
55 103
55 109
55 114
56 2
56 15
56 18
56 21
56 23
56 34
56 38
56 45
56 53
56 59
56 60
56 61
56 70
56 77
56 80
56 86
56 91
56 92
56 93
56 94
56 101
56 105
56 106
56 120
56 122
56 132
56 139
56 145
56 148
57 1
57 7
57 9
57 10
57 13
57 16
57 17
57 20
57 22
57 25
57 26
57 29
57 31
57 45
57 46
57 53
57 55
57 61
57 63
57 66
57 67
57 70
57 76
57 77
57 78
57 79
57 86
57 89
57 91
57 93
57 94
57 105
57 109
57 110
57 111
57 119
57 121
57 123
57 126
57 132
57 134
57 137
57 143
57 148
57 149
58 9
58 18
58 21
58 26
58 39
58 48
58 55
58 69
58 82
58 91
58 98
58 106
58 112
58 122
58 130
58 131
58 135
58 143
58 149
59 22
59 65
59 85
59 132
59 133
60 29
60 63
60 109
61 52
61 82
61 93
61 101
61 103
61 109
61 121
61 137
62 39
62 65
62 70
62 78
62 82
62 89
62 91
62 93
62 94
62 95
62 96
62 101
62 103
62 112
62 118
62 121
62 126
62 137
62 149
63 45
64 23
64 27
64 45
64 61
64 63
64 71
64 101
64 123
64 137
64 138
65 29
65 45
65 52
65 77
65 93
66 4
66 35
66 76
66 84
66 114
66 133
67 9
67 13
67 23
67 26
67 27
67 38
67 45
67 55
67 71
67 103
67 119
67 136
68 11
68 15
68 16
68 22
68 26
68 29
68 32
68 35
68 48
68 52
68 61
68 63
68 65
68 69
68 70
68 74
68 76
68 84
68 85
68 94
68 101
68 112
68 114
68 126
68 134
68 140
68 144
68 146
68 147
68 148
68 149
68 150
69 5
69 20
69 27
69 38
69 42
69 46
69 52
69 57
69 61
69 64
69 71
69 76
69 84
69 86
69 89
69 94
69 95
69 97
69 100
69 109
69 112
69 114
69 118
69 121
69 122
69 125
69 133
69 134
69 149
70 5
70 9
70 10
70 16
70 20
70 27
70 35
70 38
70 46
70 76
70 80
70 84
70 89
70 103
70 109
70 111
70 112
70 119
70 137
71 38
71 45
71 63
71 77
71 101
71 103
71 123
71 134
72 32
72 35
72 45
72 61
72 71
72 81
72 82
72 97
72 109
72 134
72 141
73 82
74 103
75 5
75 9
75 18
75 20
75 35
75 42
75 55
75 63
75 66
75 70
75 85
75 86
75 90
75 91
75 93
75 94
75 96
75 102
75 103
75 105
75 109
75 125
75 126
75 136
75 137
75 145
76 29
76 39
76 52
76 63
76 77
76 82
76 93
76 94
76 97
76 101
76 103
76 109
76 121
76 123
77 29
77 121
78 46
78 60
78 64
78 76
78 79
78 80
78 91
78 92
78 94
78 103
78 109
78 113
78 120
78 123
78 137
78 148
78 150
79 4
79 29
79 77
79 112
79 137
80 13
80 24
80 29
80 52
80 60
80 61
80 91
80 94
80 121
80 123
80 133
80 137
82 93
83 15
83 17
83 29
83 37
83 40
83 55
83 65
83 76
83 78
83 95
83 112
83 119
83 147
84 9
84 29
84 38
84 60
84 65
84 77
84 103
84 123
84 134
85 39
85 52
85 61
85 63
85 66
85 76
85 103
85 113
85 118
85 141
86 10
86 22
86 26
86 28
86 39
86 40
86 45
86 52
86 55
86 60
86 61
86 63
86 65
86 67
86 70
86 76
86 80
86 82
86 84
86 91
86 94
86 112
86 118
86 119
86 120
86 126
86 132
86 136
86 148
87 126
88 3
88 5
88 11
88 13
88 17
88 29
88 38
88 39
88 60
88 65
88 71
88 74
88 76
88 77
88 78
88 82
88 84
88 93
88 94
88 99
88 100
88 101
88 114
88 134
88 137
88 139
88 141
88 143
88 146
88 148
88 150
89 9
89 13
89 29
89 31
89 55
89 60
89 72
89 103
89 112
89 118
89 123
89 134
89 141
90 29
90 31
90 38
90 76
90 97
91 9
91 10
91 16
91 20
91 23
91 45
91 52
91 64
91 65
91 71
91 82
91 84
91 93
91 109
91 111
91 113
91 114
91 121
91 123
91 133
91 141
92 22
92 77
92 84
92 94
93 45
94 65
94 93
94 109
94 134
95 2
95 5
95 18
95 28
95 31
95 38
95 39
95 55
95 59
95 65
95 71
95 78
95 79
95 82
95 84
95 85
95 89
95 91
95 93
95 98
95 102
95 109
95 112
95 123
95 137
95 149
96 17
96 20
96 23
96 29
96 31
96 38
96 46
96 53
96 60
96 64
96 66
96 67
96 72
96 78
96 82
96 100
96 122
96 123
96 126
96 133
96 134
96 143
96 148
96 150
97 82
98 26
98 38
98 42
98 53
98 70
98 72
98 80
98 82
98 91
98 100
98 101
98 102
98 112
98 123
98 126
98 134
98 137
98 138
98 149
99 5
99 6
99 17
99 29
99 30
99 32
99 39
99 45
99 46
99 63
99 64
99 65
99 69
99 71
99 76
99 77
99 79
99 84
99 91
99 92
99 96
99 105
99 106
99 108
99 112
99 140
99 141
99 143
99 146
99 147
99 148
100 29
100 38
100 46
100 64
100 67
100 70
100 76
100 78
100 82
100 86
100 89
100 94
100 103
100 109
100 120
100 121
100 135
100 136
100 137
100 138
100 141
101 38
101 93
101 134
104 5
104 17
104 27
104 30
104 34
104 38
104 40
104 45
104 61
104 64
104 66
104 68
104 70
104 75
104 77
104 121
104 140
104 141
104 150
105 9
105 13
105 16
105 18
105 20
105 32
105 60
105 63
105 67
105 70
105 71
105 84
105 86
105 91
105 92
105 93
105 97
105 100
105 109
105 112
105 120
105 126
105 136
106 23
106 28
106 35
106 38
106 46
106 61
106 64
106 65
106 70
106 80
106 91
106 96
106 98
106 100
106 105
106 111
106 112
106 114
106 125
107 15
107 18
107 20
107 22
107 30
107 32
107 34
107 35
107 38
107 48
107 52
107 53
107 55
107 56
107 57
107 60
107 61
107 64
107 65
107 68
107 69
107 70
107 71
107 75
107 76
107 79
107 84
107 85
107 86
107 91
107 94
107 99
107 102
107 105
107 108
107 112
107 113
107 114
107 115
107 117
107 126
107 127
107 132
107 137
108 4
108 5
108 8
108 15
108 23
108 25
108 27
108 30
108 34
108 39
108 45
108 46
108 47
108 53
108 56
108 58
108 59
108 65
108 71
108 72
108 76
108 79
108 82
108 83
108 91
108 92
108 94
108 96
108 103
108 105
108 109
108 119
108 121
108 123
108 125
108 127
108 128
108 136
108 142
108 149
108 150
109 93
109 123
110 17
110 65
110 92
110 134
111 27
111 114
112 9
112 29
112 35
112 38
112 39
112 45
112 52
112 76
112 77
112 82
112 97
112 114
112 121
112 141
113 20
113 32
113 38
113 61
113 63
113 66
113 76
113 77
113 93
113 114
113 133
113 141
114 29
114 38
114 63
114 71
114 77
114 84
114 93
114 94
114 97
114 102
114 121
114 123
115 1
115 6
115 8
115 16
115 17
115 20
115 24
115 28
115 29
115 34
115 38
115 44
115 45
115 50
115 55
115 58
115 59
115 61
115 62
115 63
115 65
115 69
115 72
115 79
115 82
115 84
115 86
115 93
115 96
115 97
115 104
115 105
115 106
115 112
115 117
115 118
115 120
115 122
115 139
115 140
115 142
115 146
115 148
115 149
116 11
116 14
116 26
116 37
116 38
116 46
116 49
116 65
116 66
116 89
116 91
116 97
116 99
116 102
116 104
116 112
116 113
116 122
116 128
116 134
116 136
116 142
117 4
117 15
117 17
117 29
117 30
117 34
117 38
117 39
117 47
117 48
117 49
117 56
117 57
117 60
117 62
117 72
117 75
117 77
117 78
117 80
117 85
117 89
117 95
117 96
117 109
117 112
117 119
117 122
117 125
117 132
117 133
117 134
117 137
117 139
117 142
117 144
117 149
118 10
118 22
118 24
118 28
118 35
118 46
118 55
118 63
118 64
118 71
118 76
118 84
118 93
118 109
118 114
118 119
118 123
119 9
119 24
119 27
119 29
119 32
119 46
119 52
119 64
119 66
119 72
119 84
119 90
119 92
119 123
119 137
120 9
120 16
120 26
120 35
120 46
120 65
120 71
120 76
120 91
120 123
120 132
120 134
120 135
121 38
121 74
121 82
121 103
122 17
122 22
122 35
122 38
122 40
122 55
122 66
122 73
122 74
122 91
122 102
122 112
122 113
122 114
122 120
122 121
122 126
122 134
122 138
122 148
123 121
123 134
124 15
124 18
124 28
124 59
124 94
124 121
125 4
125 28
125 45
125 60
125 61
125 97
125 100
125 102
125 109
125 112
125 114
125 122
125 136
125 141
125 147
125 149
126 5
126 46
126 55
126 59
126 65
126 66
126 67
126 72
126 77
126 84
126 94
126 97
126 101
126 113
126 120
126 121
126 133
126 136
127 10
127 13
127 18
127 23
127 24
127 34
127 38
127 45
127 47
127 63
127 65
127 68
127 74
127 76
127 90
127 101
127 103
127 117
127 121
127 122
127 124
127 128
127 138
127 144
127 149
128 7
128 13
128 21
128 38
128 39
128 40
128 46
128 65
128 68
128 69
128 76
128 78
128 84
128 93
128 94
128 100
128 102
128 114
128 136
128 144
128 146
129 1
129 6
129 10
129 11
129 19
129 23
129 27
129 30
129 44
129 46
129 50
129 69
129 73
129 76
129 84
129 92
129 93
129 95
129 96
129 103
129 108
129 109
129 112
129 113
129 114
129 117
129 120
129 123
129 131
129 132
129 141
129 144
130 60
130 125
130 141
131 1
131 13
131 16
131 17
131 20
131 23
131 24
131 26
131 34
131 35
131 38
131 48
131 49
131 53
131 55
131 56
131 61
131 63
131 66
131 67
131 69
131 70
131 76
131 77
131 86
131 91
131 95
131 101
131 103
131 109
131 114
131 118
131 121
131 124
131 136
131 141
131 142
131 143
131 144
131 148
131 150
132 9
132 29
132 38
132 60
132 65
132 74
132 90
132 101
132 103
132 112
133 45
133 93
134 93
135 90
135 93
135 114
135 121
136 13
136 20
136 28
136 29
136 35
136 38
136 45
136 46
136 59
136 60
136 61
136 64
136 66
136 77
136 84
136 114
136 118
136 119
136 123
136 137
137 45
137 123
137 134
138 27
138 45
138 93
138 94
138 141
139 5
139 9
139 16
139 18
139 23
139 25
139 35
139 53
139 67
139 76
139 78
139 80
139 85
139 91
139 96
139 102
139 105
139 112
139 114
139 118
139 122
139 123
139 126
139 134
139 136
139 141
139 147
139 148
140 1
140 5
140 11
140 18
140 24
140 29
140 38
140 44
140 45
140 46
140 47
140 49
140 50
140 55
140 56
140 69
140 71
140 78
140 85
140 86
140 91
140 105
140 109
140 112
140 114
140 134
140 135
140 136
140 142
140 143
140 145
140 150
141 38
141 101
141 103
142 1
142 2
142 11
142 13
142 17
142 31
142 35
142 39
142 46
142 50
142 57
142 61
142 69
142 71
142 76
142 86
142 95
142 106
142 109
142 137
142 138
142 141
142 143
142 149
143 4
143 5
143 27
143 35
143 38
143 45
143 60
143 64
143 67
143 72
143 76
143 77
143 78
143 89
143 90
143 103
143 109
143 118
143 119
143 123
143 136
143 141
143 148
143 150
144 9
144 16
144 17
144 18
144 24
144 31
144 40
144 45
144 57
144 59
144 69
144 91
144 96
144 100
144 106
144 122
144 139
144 143
144 148
144 150
145 1
145 9
145 10
145 17
145 18
145 35
145 40
145 46
145 53
145 55
145 57
145 64
145 86
145 93
145 97
145 100
145 110
145 112
145 121
145 125
145 136
145 141
145 143
146 1
146 2
146 5
146 11
146 17
146 26
146 27
146 30
146 35
146 37
146 53
146 60
146 62
146 70
146 72
146 74
146 76
146 84
146 85
146 86
146 92
146 93
146 101
146 105
146 114
146 118
146 120
146 139
146 149
147 9
147 13
147 23
147 38
147 39
147 46
147 52
147 55
147 61
147 63
147 65
147 78
147 101
147 110
147 112
147 114
147 118
147 122
147 133
147 134
147 137
147 141
148 5
148 22
148 35
148 52
148 59
148 61
148 63
148 64
148 66
148 71
148 72
148 76
148 77
148 82
148 91
148 101
148 102
148 103
148 111
148 112
148 113
148 114
148 119
148 120
148 121
148 134
148 137
149 13
149 17
149 18
149 22
149 24
149 29
149 32
149 42
149 46
149 52
149 59
149 60
149 61
149 63
149 65
149 66
149 72
149 76
149 79
149 86
149 91
149 94
149 97
149 103
149 105
149 112
149 113
149 114
149 118
149 134
149 141
149 148
150 5
150 9
150 13
150 17
150 20
150 23
150 26
150 28
150 31
150 35
150 45
150 46
150 63
150 65
150 67
150 71
150 76
150 77
150 79
150 84
150 89
150 91
150 92
150 93
150 94
150 97
150 103
150 112
150 126
150 136
150 137
150 138
150 148
