200 4111
1 14
1 15
1 19
1 23
1 28
1 29
1 32
1 33
1 41
1 51
1 54
1 55
1 58
1 65
1 67
1 73
1 74
1 75
1 83
1 84
1 98
1 112
1 121
1 125
1 126
1 136
1 139
1 141
1 161
1 162
1 163
1 167
1 168
1 173
1 175
1 191
1 194
1 195
1 197
2 45
2 55
2 121
2 125
2 169
2 170
2 194
3 2
3 4
3 50
3 54
3 55
3 73
3 77
3 83
3 97
3 100
3 103
3 107
3 110
3 121
3 122
3 125
3 141
3 151
3 155
3 159
3 169
3 170
3 196
3 198
4 58
4 61
4 167
4 194
5 15
5 43
5 45
5 62
5 73
5 83
5 100
5 106
5 107
5 112
5 125
5 147
5 162
5 173
5 200
6 1
6 16
6 18
6 26
6 28
6 31
6 32
6 33
6 34
6 41
6 49
6 50
6 51
6 58
6 60
6 61
6 63
6 65
6 66
6 72
6 73
6 75
6 77
6 80
6 83
6 89
6 96
6 103
6 123
6 125
6 127
6 128
6 135
6 136
6 141
6 153
6 158
6 161
6 166
6 169
6 170
6 172
6 176
6 179
6 180
6 182
6 183
6 184
6 191
6 193
6 194
6 197
6 198
7 11
7 55
7 58
7 63
7 64
7 100
7 141
7 153
7 167
7 180
7 194
7 197
8 6
8 7
8 11
8 12
8 14
8 15
8 22
8 27
8 30
8 31
8 34
8 40
8 41
8 53
8 56
8 59
8 61
8 63
8 66
8 70
8 73
8 74
8 76
8 78
8 85
8 89
8 92
8 94
8 96
8 98
8 100
8 101
8 103
8 108
8 115
8 116
8 121
8 124
8 126
8 127
8 128
8 129
8 130
8 131
8 133
8 137
8 138
8 141
8 149
8 159
8 161
8 162
8 170
8 173
8 175
8 176
8 178
8 179
8 183
8 189
8 193
8 194
11 55
11 121
11 141
11 162
11 167
11 183
11 197
12 4
12 5
12 7
12 27
12 29
12 35
12 38
12 45
12 55
12 60
12 65
12 67
12 83
12 107
12 121
12 122
12 125
12 126
12 147
12 162
12 163
12 166
12 170
12 173
12 175
12 180
12 195
13 5
13 22
13 38
13 41
13 48
13 49
13 53
13 72
13 73
13 74
13 82
13 121
13 133
13 145
13 149
13 159
13 183
14 79
14 121
14 167
15 2
15 4
15 10
15 14
15 28
15 38
15 45
15 54
15 55
15 60
15 63
15 95
15 104
15 110
15 125
15 128
15 145
15 152
15 159
15 162
15 163
15 168
15 170
15 173
15 183
15 194
16 7
16 103
16 107
16 166
16 169
16 183
16 197
17 2
17 20
17 31
17 34
17 45
17 60
17 133
17 153
17 166
17 168
17 169
17 193
18 153
18 197
19 4
19 29
19 34
19 73
19 95
19 106
19 125
19 133
19 135
19 141
19 151
19 155
19 162
19 166
19 194
19 197
21 17
21 19
21 41
21 46
21 50
21 59
21 60
21 85
21 94
21 95
21 127
21 128
21 133
21 135
21 145
21 152
21 158
21 170
21 179
21 186
21 187
21 188
21 193
21 194
22 3
22 19
22 28
22 60
22 67
22 77
22 106
22 112
22 125
22 130
22 155
22 162
22 168
22 175
22 183
22 194
22 195
22 197
23 4
23 5
23 11
23 15
23 22
23 27
23 28
23 65
23 66
23 67
23 97
23 104
23 112
23 121
23 122
23 136
23 149
23 161
23 168
23 172
23 179
23 180
24 3
24 7
24 8
24 11
24 13
24 15
24 17
24 21
24 26
24 36
24 38
24 45
24 49
24 51
24 63
24 94
24 96
24 99
24 107
24 108
24 111
24 114
24 118
24 120
24 122
24 130
24 137
24 141
24 150
24 151
24 154
24 155
24 160
24 165
24 168
24 172
24 173
24 179
24 180
24 186
24 188
24 195
25 2
25 3
25 6
25 12
25 32
25 35
25 41
25 51
25 66
25 83
25 85
25 98
25 103
25 116
25 128
25 148
25 162
25 163
25 166
25 175
25 194
26 3
26 4
26 7
26 11
26 22
26 28
26 31
26 38
26 41
26 51
26 58
26 61
26 65
26 67
26 72
26 74
26 83
26 89
26 95
26 96
26 98
26 100
26 107
26 122
26 123
26 128
26 130
26 131
26 137
26 147
26 150
26 152
26 156
26 157
26 161
26 162
26 168
26 173
26 175
26 180
26 189
26 194
26 195
26 196
26 197
26 198
27 7
27 31
27 34
27 50
27 58
27 64
27 93
27 103
27 104
27 106
27 139
27 169
27 173
27 174
27 180
27 194
27 197
28 3
28 4
28 11
28 17
28 45
28 50
28 55
28 58
28 60
28 61
28 63
28 64
28 65
28 72
28 73
28 79
28 83
28 84
28 95
28 100
28 103
28 107
28 122
28 133
28 138
28 145
28 153
28 155
28 157
28 163
28 166
28 167
28 169
28 173
28 187
28 194
28 195
28 197
28 200
29 100
29 121
29 152
29 167
30 3
30 5
30 27
30 34
30 38
30 40
30 41
30 50
30 55
30 60
30 66
30 71
30 72
30 73
30 74
30 75
30 77
30 92
30 100
30 102
30 103
30 112
30 125
30 131
30 153
30 158
30 161
30 162
30 163
30 166
30 170
30 173
30 183
30 184
30 185
30 186
30 198
30 200
31 7
31 20
31 55
31 58
31 79
31 104
31 107
31 152
31 166
31 167
31 168
32 3
32 4
32 7
32 27
32 29
32 33
32 35
32 41
32 45
32 54
32 55
32 58
32 60
32 64
32 65
32 79
32 104
32 110
32 112
32 121
32 130
32 138
32 141
32 163
32 168
32 170
32 173
32 175
32 186
32 191
32 195
32 197
33 15
33 63
33 72
33 103
33 110
33 133
33 138
33 159
33 163
33 183
33 185
34 2
34 38
34 48
34 50
34 54
34 58
34 63
34 83
34 95
34 103
34 168
34 170
34 180
34 194
35 3
35 4
35 7
35 15
35 28
35 41
35 55
35 58
35 64
35 72
35 100
35 103
35 106
35 121
35 122
35 151
35 152
35 153
35 162
35 163
35 168
35 169
35 170
35 172
35 173
35 180
36 4
36 6
36 7
36 12
36 15
36 17
36 19
36 20
36 26
36 28
36 31
36 32
36 34
36 35
36 38
36 41
36 53
36 55
36 61
36 63
36 64
36 66
36 67
36 72
36 74
36 77
36 78
36 82
36 83
36 84
36 85
36 94
36 99
36 107
36 112
36 113
36 124
36 126
36 128
36 130
36 133
36 134
36 136
36 137
36 145
36 147
36 148
36 149
36 152
36 160
36 162
36 166
36 167
36 170
36 173
36 175
36 179
36 180
36 188
36 189
36 195
36 197
37 4
37 19
37 45
37 51
37 54
37 60
37 71
37 73
37 77
37 104
37 111
37 122
37 124
37 141
37 162
37 166
37 179
37 183
37 197
38 45
38 168
39 3
39 72
39 112
39 122
39 159
39 163
39 166
39 180
40 5
40 11
40 27
40 33
40 34
40 73
40 83
40 97
40 121
40 126
40 130
40 133
40 145
40 151
40 155
40 157
40 166
40 169
40 183
40 198
41 3
41 7
41 11
41 14
41 16
41 17
41 19
41 27
41 31
41 39
41 50
41 55
41 58
41 60
41 63
41 79
41 100
41 121
41 122
41 141
41 145
41 162
41 163
41 170
41 172
41 193
41 194
41 198
42 147
43 17
43 28
43 31
43 73
43 79
43 128
43 139
43 151
43 169
44 3
44 17
44 35
44 36
44 41
44 46
44 50
44 55
44 58
44 62
44 64
44 65
44 66
44 77
44 80
44 90
44 94
44 108
44 115
44 116
44 119
44 123
44 129
44 136
44 138
44 140
44 141
44 142
44 145
44 148
44 150
44 162
44 163
44 166
44 169
44 170
44 173
44 181
44 186
44 188
44 195
44 200
45 61
45 79
45 102
45 167
46 4
46 5
46 7
46 11
46 17
46 19
46 22
46 23
46 28
46 31
46 45
46 55
46 58
46 61
46 64
46 67
46 71
46 72
46 73
46 74
46 84
46 96
46 98
46 100
46 106
46 107
46 110
46 125
46 133
46 138
46 141
46 145
46 153
46 158
46 166
46 169
46 170
46 175
46 186
46 189
46 195
47 11
47 15
47 18
47 26
47 28
47 30
47 32
47 35
47 41
47 46
47 79
47 80
47 107
47 111
47 122
47 123
47 138
47 162
47 193
49 3
49 11
49 18
49 19
49 26
49 28
49 29
49 30
49 33
49 34
49 35
49 38
49 41
49 54
49 62
49 65
49 66
49 73
49 74
49 77
49 79
49 83
49 85
49 95
49 96
49 97
49 98
49 104
49 110
49 112
49 130
49 131
49 139
49 141
49 151
49 158
49 159
49 161
49 162
49 165
49 167
49 169
49 170
49 173
49 175
49 176
49 183
49 184
49 185
49 186
49 198
49 200
50 139
50 163
51 2
51 4
51 11
51 15
51 17
51 22
51 23
51 27
51 34
51 41
51 54
51 57
51 60
51 61
51 66
51 72
51 74
51 77
51 84
51 95
51 99
51 100
51 103
51 110
51 112
51 114
51 121
51 126
51 131
51 133
51 141
51 147
51 161
51 167
51 179
51 180
51 191
51 194
51 195
51 197
51 198
52 1
52 4
52 16
52 19
52 22
52 31
52 34
52 35
52 36
52 46
52 50
52 54
52 55
52 56
52 58
52 71
52 85
52 88
52 89
52 93
52 94
52 95
52 97
52 111
52 113
52 121
52 122
52 125
52 126
52 128
52 130
52 145
52 153
52 158
52 161
52 165
52 170
52 176
52 188
52 197
53 4
53 7
53 18
53 20
53 26
53 27
53 32
53 35
53 38
53 39
53 41
53 46
53 49
53 51
53 54
53 61
53 63
53 71
53 74
53 75
53 78
53 83
53 84
53 85
53 97
53 103
53 107
53 112
53 114
53 116
53 124
53 125
53 131
53 133
53 136
53 138
53 151
53 152
53 162
53 163
53 165
53 166
53 169
53 172
53 175
53 176
53 179
53 180
53 183
53 184
53 186
53 189
53 193
53 194
53 197
53 198
54 10
55 4
55 38
55 48
55 54
55 58
55 84
55 100
55 102
55 133
55 162
55 183
55 197
56 23
56 34
56 35
56 38
56 47
56 51
56 55
56 59
56 61
56 65
56 66
56 71
56 79
56 85
56 91
56 94
56 97
56 103
56 106
56 112
56 113
56 116
56 121
56 122
56 126
56 133
56 137
56 147
56 167
56 170
56 173
56 182
56 198
57 34
57 121
58 194
59 3
59 4
59 5
59 7
59 11
59 17
59 23
59 35
59 48
59 58
59 60
59 63
59 66
59 72
59 73
59 74
59 77
59 97
59 100
59 103
59 110
59 112
59 114
59 130
59 133
59 155
59 158
59 162
59 168
59 175
59 183
59 193
59 194
60 3
60 4
60 34
60 38
60 55
60 65
60 73
60 84
60 97
60 104
60 106
60 107
60 141
60 152
60 153
60 155
60 162
60 169
60 173
60 197
61 54
61 169
61 180
62 63
62 97
62 122
62 138
62 162
62 167
62 196
62 197
63 10
63 102
63 125
63 169
63 183
64 10
64 103
64 194
64 197
65 2
65 7
65 19
65 31
65 34
65 61
65 73
65 77
65 83
65 112
65 133
65 138
65 141
65 151
65 153
65 169
65 179
65 183
65 197
65 198
66 3
66 7
66 10
66 11
66 16
66 20
66 54
66 65
66 100
66 163
66 169
66 170
66 191
67 3
67 11
67 14
67 19
67 41
67 54
67 58
67 84
67 107
67 110
67 121
67 128
67 155
67 163
67 167
67 198
68 3
68 8
68 9
68 14
68 15
68 18
68 35
68 37
68 45
68 49
68 52
68 53
68 54
68 57
68 70
68 71
68 74
68 77
68 78
68 82
68 83
68 84
68 91
68 97
68 100
68 103
68 104
68 112
68 118
68 119
68 123
68 125
68 128
68 129
68 133
68 136
68 140
68 149
68 154
68 155
68 158
68 161
68 162
68 163
68 171
68 175
68 178
68 179
68 180
68 183
68 186
68 190
68 198
69 11
69 15
69 32
69 35
69 49
69 73
69 77
69 112
69 114
69 137
69 156
69 173
70 3
70 6
70 7
70 12
70 14
70 15
70 18
70 23
70 25
70 30
70 35
70 40
70 41
70 43
70 47
70 49
70 50
70 51
70 54
70 58
70 59
70 71
70 73
70 74
70 78
70 80
70 83
70 85
70 101
70 104
70 110
70 114
70 116
70 120
70 123
70 124
70 126
70 131
70 133
70 137
70 140
70 142
70 145
70 149
70 151
70 155
70 160
70 161
70 165
70 166
70 169
70 173
70 175
70 176
70 182
70 189
70 194
71 3
71 5
71 11
71 15
71 17
71 19
71 20
71 23
71 27
71 28
71 33
71 35
71 41
71 45
71 51
71 58
71 59
71 63
71 74
71 75
71 77
71 83
71 85
71 98
71 99
71 102
71 107
71 125
71 131
71 149
71 157
71 168
71 169
71 170
71 179
71 183
71 193
71 195
71 197
71 198
72 3
72 4
72 31
72 34
72 45
72 54
72 65
72 73
72 84
72 97
72 100
72 103
72 112
72 151
72 166
72 169
72 170
72 196
72 197
72 198
73 4
73 7
73 10
73 11
73 31
73 54
73 58
73 64
73 77
73 121
73 125
73 133
73 139
73 162
73 197
74 7
74 14
74 15
74 31
74 33
74 34
74 41
74 45
74 48
74 50
74 55
74 66
74 73
74 83
74 88
74 100
74 103
74 104
74 110
74 125
74 133
74 151
74 155
74 157
74 167
74 169
74 196
75 5
75 14
75 16
75 19
75 27
75 34
75 38
75 58
75 61
75 64
75 66
75 72
75 73
75 99
75 107
75 122
75 133
75 141
75 149
75 161
75 168
75 173
75 180
75 185
75 186
75 194
75 195
76 19
76 35
76 41
76 49
76 58
76 59
76 94
76 99
76 114
76 124
76 130
76 145
76 159
76 163
76 174
76 182
77 4
77 45
77 61
77 133
77 180
78 6
78 7
78 12
78 19
78 22
78 23
78 26
78 27
78 28
78 30
78 31
78 35
78 45
78 46
78 67
78 72
78 73
78 77
78 82
78 93
78 96
78 97
78 100
78 103
78 110
78 112
78 116
78 123
78 126
78 127
78 137
78 155
78 157
78 162
78 166
78 179
78 180
78 182
78 191
78 194
79 54
79 64
79 121
79 167
79 194
80 5
80 7
80 15
80 17
80 28
80 29
80 34
80 40
80 41
80 45
80 46
80 48
80 61
80 63
80 64
80 74
80 75
80 85
80 89
80 97
80 110
80 123
80 127
80 131
80 138
80 145
80 163
80 167
80 170
80 172
80 183
80 194
81 35
81 53
81 74
81 170
82 1
82 15
82 23
82 25
82 26
82 27
82 30
82 32
82 33
82 34
82 37
82 47
82 49
82 51
82 58
82 72
82 77
82 80
82 85
82 89
82 105
82 106
82 111
82 112
82 116
82 122
82 123
82 130
82 140
82 147
82 153
82 157
82 158
82 159
82 166
82 168
82 175
82 183
82 184
82 188
82 189
82 194
82 196
82 197
82 200
83 14
83 45
83 48
83 58
83 61
83 73
83 77
83 79
83 97
83 100
83 103
83 110
83 125
83 138
83 167
83 168
83 179
83 180
83 195
83 196
83 197
84 183
85 1
85 2
85 3
85 4
85 11
85 23
85 32
85 39
85 40
85 43
85 55
85 59
85 60
85 61
85 63
85 66
85 73
85 75
85 83
85 95
85 99
85 106
85 110
85 112
85 122
85 126
85 128
85 131
85 133
85 145
85 150
85 162
85 163
85 166
85 168
85 173
85 175
85 185
85 194
85 197
85 198
86 169
87 1
87 5
87 12
87 19
87 22
87 23
87 26
87 30
87 32
87 48
87 60
87 65
87 72
87 80
87 110
87 113
87 116
87 123
87 141
87 162
87 163
87 168
87 173
87 174
87 188
87 200
88 95
88 163
89 3
89 32
89 50
89 60
89 64
89 83
89 104
89 114
89 128
89 138
89 145
89 151
89 155
89 162
89 167
89 170
89 185
89 191
89 194
90 14
90 17
90 32
90 45
90 71
90 80
90 85
90 127
90 151
90 165
90 184
90 191
90 197
91 1
91 2
91 3
91 5
91 11
91 22
91 25
91 32
91 33
91 35
91 37
91 54
91 60
91 63
91 64
91 65
91 66
91 69
91 74
91 80
91 85
91 90
91 92
91 94
91 96
91 97
91 102
91 104
91 106
91 107
91 111
91 112
91 113
91 126
91 127
91 128
91 130
91 131
91 145
91 158
91 162
91 169
91 175
91 176
91 182
91 185
91 189
91 198
92 7
92 20
92 27
92 50
92 61
92 128
92 145
92 162
92 166
92 183
92 198
93 100
93 169
93 180
93 194
94 19
94 22
94 31
94 33
94 41
94 45
94 46
94 49
94 54
94 55
94 58
94 60
94 64
94 66
94 67
94 72
94 74
94 80
94 83
94 84
94 96
94 102
94 121
94 123
94 125
94 128
94 131
94 137
94 147
94 149
94 155
94 160
94 161
94 167
94 168
94 169
94 172
94 176
94 183
94 188
94 197
95 4
95 11
95 14
95 20
95 31
95 54
95 58
95 61
95 97
95 103
95 110
95 121
95 139
95 141
95 163
95 166
95 169
95 197
96 3
96 5
96 7
96 17
96 20
96 28
96 35
96 45
96 51
96 54
96 58
96 65
96 73
96 75
96 79
96 93
96 97
96 104
96 106
96 107
96 110
96 128
96 130
96 131
96 145
96 147
96 149
96 152
96 156
96 158
96 162
96 163
96 167
96 168
96 169
96 170
96 175
96 186
96 194
96 197
97 54
97 58
97 61
97 79
97 152
97 162
97 167
97 168
97 180
97 194
98 4
98 12
98 15
98 17
98 28
98 32
98 35
98 38
98 54
98 63
98 72
98 73
98 92
98 151
98 152
98 172
98 183
98 194
99 11
99 15
99 61
99 98
99 102
99 125
99 131
99 145
99 157
99 161
99 169
99 172
100 10
100 54
100 58
100 194
101 3
101 6
101 11
101 12
101 15
101 22
101 27
101 30
101 31
101 37
101 46
101 51
101 52
101 53
101 55
101 56
101 60
101 61
101 63
101 64
101 66
101 69
101 75
101 80
101 84
101 94
101 103
101 104
101 113
101 122
101 124
101 126
101 130
101 131
101 145
101 148
101 151
101 153
101 154
101 155
101 161
101 162
101 165
101 169
101 182
101 184
101 186
101 188
101 194
102 197
103 48
103 58
103 183
103 197
104 4
104 183
105 19
105 28
105 49
105 75
105 96
105 114
105 169
105 188
106 10
106 107
106 112
106 133
106 155
106 163
106 197
107 4
107 7
107 64
107 84
107 102
107 121
107 133
107 141
107 163
107 166
107 167
107 168
107 169
107 179
107 183
107 194
107 196
107 197
108 1
108 11
108 14
108 19
108 22
108 23
108 26
108 30
108 41
108 46
108 54
108 55
108 57
108 59
108 63
108 65
108 67
108 74
108 77
108 83
108 85
108 89
108 95
108 100
108 111
108 114
108 116
108 122
108 145
108 155
108 156
108 159
108 165
108 166
108 168
108 172
108 176
108 183
108 184
108 187
108 197
109 1
109 6
109 8
109 11
109 22
109 27
109 30
109 33
109 35
109 63
109 69
109 71
109 72
109 74
109 78
109 87
109 91
109 102
109 103
109 107
109 110
109 115
109 118
109 124
109 125
109 126
109 127
109 128
109 156
109 158
109 161
109 163
109 168
109 169
109 170
109 172
109 175
109 176
109 179
109 198
110 14
110 20
110 54
110 97
110 100
110 121
110 138
110 141
110 151
110 169
110 183
110 194
110 195
110 196
110 197
111 1
111 3
111 35
111 45
111 50
111 65
111 66
111 67
111 72
111 95
111 96
111 98
111 103
111 106
111 107
111 125
111 126
111 138
111 147
111 150
111 152
111 169
111 170
111 173
111 174
111 183
112 2
112 11
112 20
112 31
112 54
112 58
112 61
112 73
112 83
112 95
112 102
112 107
112 110
112 122
112 125
112 139
112 151
112 153
112 155
112 163
112 169
112 180
112 183
112 194
112 195
112 197
113 5
113 7
113 12
113 17
113 22
113 35
113 40
113 54
113 55
113 62
113 71
113 72
113 73
113 77
113 84
113 97
113 103
113 107
113 123
113 125
113 127
113 136
113 137
113 151
113 156
113 157
113 162
113 167
113 170
113 175
113 194
113 196
114 3
114 11
114 12
114 15
114 19
114 20
114 31
114 39
114 45
114 55
114 63
114 72
114 93
114 100
114 104
114 107
114 112
114 126
114 128
114 131
114 136
114 141
114 145
114 149
114 150
114 152
114 167
114 183
114 186
114 193
114 198
114 200
115 6
115 7
115 11
115 25
115 28
115 35
115 36
115 39
115 40
115 45
115 58
115 60
115 63
115 66
115 70
115 72
115 73
115 74
115 82
115 85
115 94
115 98
115 100
115 108
115 111
115 112
115 113
115 121
115 125
115 126
115 129
115 131
115 132
115 136
115 140
115 142
115 145
115 161
115 168
115 173
115 177
115 183
115 184
115 193
115 194
116 1
116 14
116 23
116 28
116 33
116 45
116 49
116 58
116 59
116 63
116 72
116 75
116 80
116 83
116 89
116 92
116 97
116 114
116 122
116 124
116 125
116 126
116 131
116 133
116 147
116 151
116 157
116 161
116 166
116 168
116 173
116 183
116 188
116 189
116 194
116 197
116 198
117 5
117 11
117 15
117 19
117 26
117 27
117 30
117 31
117 35
117 46
117 49
117 55
117 77
117 85
117 89
117 94
117 102
117 103
117 108
117 115
117 136
117 137
117 141
117 151
117 161
117 162
117 165
117 167
117 169
117 182
117 185
117 186
117 191
117 194
118 1
118 2
118 3
118 4
118 7
118 13
118 17
118 21
118 22
118 23
118 27
118 28
118 31
118 35
118 36
118 41
118 46
118 49
118 51
118 56
118 58
118 59
118 61
118 63
118 66
118 67
118 69
118 75
118 77
118 78
118 80
118 83
118 84
118 85
118 89
118 91
118 96
118 97
118 108
118 116
118 121
118 124
118 126
118 127
118 128
118 130
118 131
118 136
118 137
118 140
118 141
118 145
118 147
118 151
118 153
118 154
118 155
118 162
118 165
118 168
118 169
118 170
118 181
118 182
118 183
118 186
118 188
118 189
118 191
118 198
119 1
119 3
119 6
119 7
119 8
119 10
119 12
119 21
119 25
119 26
119 28
119 32
119 33
119 34
119 35
119 46
119 47
119 49
119 53
119 56
119 59
119 60
119 63
119 66
119 67
119 73
119 76
119 79
119 91
119 94
119 97
119 99
119 100
119 103
119 106
119 112
119 114
119 116
119 123
119 124
119 128
119 133
119 137
119 139
119 142
119 162
119 163
119 169
119 170
119 171
119 173
119 179
119 181
119 183
119 184
119 186
119 193
119 194
119 195
119 198
120 1
120 7
120 10
120 15
120 22
120 23
120 28
120 31
120 40
120 48
120 53
120 72
120 80
120 82
120 89
120 103
120 107
120 108
120 114
120 121
120 123
120 124
120 126
120 136
120 137
120 158
120 161
120 162
120 167
120 173
120 175
120 177
120 180
120 189
121 197
122 7
122 54
122 55
122 61
122 73
122 79
122 95
122 103
122 121
122 168
122 169
122 197
122 198
123 1
123 11
123 12
123 19
123 23
123 31
123 35
123 40
123 48
123 50
123 63
123 65
123 79
123 83
123 88
123 99
123 100
123 106
123 112
123 121
123 124
123 126
123 137
123 155
123 173
123 175
123 183
123 194
123 196
123 197
124 3
124 15
124 35
124 45
124 46
124 51
124 71
124 73
124 74
124 79
124 85
124 98
124 103
124 121
124 122
124 126
124 127
124 157
124 158
124 169
124 173
124 180
124 183
124 185
124 186
124 196
125 38
125 54
125 58
125 61
125 64
125 79
125 102
125 169
125 183
126 3
126 4
126 7
126 11
126 19
126 29
126 41
126 55
126 60
126 65
126 67
126 72
126 77
126 83
126 100
126 110
126 121
126 122
126 130
126 133
126 138
126 141
126 162
126 163
126 166
126 167
126 168
126 169
126 170
126 172
126 175
126 180
126 183
126 186
126 193
126 195
126 197
127 5
127 9
127 19
127 35
127 45
127 60
127 65
127 83
127 95
127 103
127 107
127 110
127 112
127 130
127 131
127 138
127 149
127 150
127 157
127 163
127 166
127 169
127 170
127 173
127 174
127 175
127 179
127 185
127 193
128 2
128 3
128 16
128 31
128 45
128 58
128 63
128 65
128 66
128 79
128 112
128 167
128 169
128 170
129 1
129 11
129 12
129 13
129 14
129 15
129 27
129 30
129 39
129 41
129 49
129 50
129 51
129 55
129 59
129 62
129 65
129 72
129 78
129 82
129 83
129 85
129 92
129 98
129 99
129 100
129 108
129 112
129 116
129 121
129 122
129 124
129 126
129 128
129 131
129 136
129 140
129 141
129 142
129 147
129 148
129 155
129 160
129 162
129 163
129 165
129 168
129 173
129 174
129 183
129 186
129 189
129 193
129 197
130 2
130 4
130 7
130 15
130 19
130 29
130 31
130 33
130 50
130 79
130 84
130 92
130 103
130 106
130 112
130 122
130 147
130 163
130 170
130 172
130 175
130 193
130 200
131 5
131 19
131 35
131 48
131 55
131 58
131 67
131 72
131 73
131 77
131 98
131 122
131 126
131 133
131 138
131 139
131 147
131 152
131 161
131 162
131 169
131 172
131 174
131 179
131 183
131 186
131 191
131 196
131 197
132 6
132 7
132 11
132 17
132 19
132 23
132 26
132 34
132 36
132 56
132 82
132 98
132 100
132 106
132 116
132 121
132 124
132 128
132 131
132 136
132 138
132 140
132 141
132 147
132 148
132 155
132 159
132 161
132 169
132 170
132 175
132 176
132 178
132 194
132 198
134 15
134 22
134 49
134 72
134 108
134 194
135 199
136 3
136 7
136 11
136 15
136 45
136 55
136 62
136 72
136 77
136 83
136 100
136 107
136 122
136 126
136 130
136 141
136 155
136 159
136 163
136 166
136 175
136 186
136 194
136 195
136 196
137 5
137 15
137 17
137 20
137 28
137 41
137 45
137 54
137 58
137 59
137 63
137 66
137 71
137 74
137 98
137 110
137 121
137 128
137 131
137 133
137 138
137 149
137 153
137 158
137 159
137 161
137 169
137 170
137 183
137 184
137 189
137 196
138 45
138 48
138 58
138 61
138 63
138 103
138 121
138 125
138 133
138 162
138 168
138 169
139 7
139 55
139 61
139 153
139 162
140 7
140 12
140 22
140 35
140 54
140 71
140 85
140 94
140 103
140 107
140 108
140 122
140 133
140 136
140 141
140 151
140 153
140 155
140 157
140 158
140 162
140 169
140 172
140 173
140 184
140 188
140 194
141 14
141 121
142 1
142 5
142 11
142 23
142 27
142 30
142 31
142 32
142 34
142 35
142 36
142 40
142 43
142 51
142 53
142 54
142 61
142 80
142 91
142 99
142 100
142 112
142 127
142 145
142 148
142 151
142 152
142 158
142 161
142 166
142 168
142 169
142 183
143 3
143 5
143 10
143 14
143 15
143 22
143 26
143 30
143 31
143 32
143 36
143 46
143 54
143 55
143 59
143 65
143 69
143 72
143 76
143 91
143 95
143 96
143 100
143 102
143 106
143 108
143 110
143 116
143 117
143 118
143 119
143 121
143 125
143 130
143 132
143 133
143 149
143 154
143 155
143 162
143 168
143 171
143 175
143 180
143 183
143 184
143 186
143 188
143 194
143 195
143 197
143 200
144 1
144 6
144 12
144 16
144 22
144 26
144 28
144 31
144 32
144 33
144 34
144 51
144 53
144 61
144 80
144 84
144 90
144 98
144 103
144 113
144 114
144 116
144 118
144 120
144 128
144 129
144 137
144 140
144 149
144 151
144 164
144 165
144 169
144 173
144 174
144 176
144 178
144 185
144 186
144 189
144 194
145 3
145 14
145 19
145 34
145 45
145 48
145 54
145 62
145 83
145 95
145 103
145 112
145 133
145 135
145 138
145 166
145 167
145 168
145 169
145 174
145 193
145 194
145 198
145 200
146 33
146 47
146 56
146 65
146 70
146 85
146 158
146 166
146 182
146 183
147 11
147 15
147 28
147 31
147 34
147 41
147 58
147 65
147 73
147 100
147 110
147 122
147 128
147 159
147 162
147 167
147 169
147 173
147 191
147 194
147 195
148 15
148 22
148 27
148 57
148 58
148 65
148 80
148 83
148 84
148 112
148 121
148 124
148 127
148 131
148 145
148 147
148 152
148 153
148 160
148 161
148 166
148 172
148 176
148 183
148 186
149 4
149 14
149 17
149 22
149 27
149 34
149 35
149 41
149 57
149 64
149 66
149 84
149 107
149 110
149 112
149 121
149 122
149 126
149 139
149 141
149 147
149 155
149 157
149 169
149 173
149 179
149 180
149 185
149 194
149 196
150 14
150 38
150 60
150 83
150 103
150 107
150 122
150 157
150 168
150 194
150 196
150 198
151 11
151 55
151 58
151 97
151 100
151 133
151 141
151 180
153 183
154 1
154 5
154 7
154 11
154 13
154 14
154 20
154 23
154 27
154 28
154 30
154 31
154 34
154 35
154 46
154 51
154 54
154 56
154 60
154 71
154 73
154 77
154 78
154 80
154 82
154 87
154 89
154 91
154 94
154 97
154 107
154 114
154 123
154 128
154 131
154 132
154 136
154 137
154 141
154 142
154 145
154 149
154 157
154 165
154 167
154 169
154 172
154 173
154 176
154 183
155 4
155 7
155 31
155 45
155 58
155 63
155 83
155 100
155 107
155 110
155 121
155 139
155 152
155 162
155 166
155 167
155 198
156 28
156 31
156 34
156 65
156 74
156 77
156 79
156 97
156 151
156 152
156 155
156 175
156 194
157 54
157 73
157 95
157 112
157 122
157 166
157 170
157 179
157 194
157 198
158 2
158 14
158 19
158 31
158 32
158 35
158 41
158 65
158 67
158 72
158 77
158 83
158 98
158 106
158 112
158 114
158 121
158 128
158 135
158 136
158 138
158 149
158 153
158 155
158 162
158 167
158 169
158 173
158 175
158 179
158 194
158 198
159 7
159 55
159 73
159 110
159 170
159 195
159 196
160 5
160 55
160 183
160 194
160 197
161 2
161 3
161 5
161 7
161 15
161 28
161 41
161 54
161 58
161 73
161 95
161 106
161 126
161 145
161 147
161 162
161 167
161 169
161 173
161 183
161 191
161 197
161 198
162 61
162 64
162 79
162 133
162 168
162 169
162 180
162 183
163 4
163 100
163 103
163 167
163 169
163 197
164 1
164 3
164 11
164 28
164 29
164 46
164 52
164 55
164 58
164 59
164 60
164 69
164 72
164 79
164 83
164 91
164 92
164 99
164 100
164 101
164 106
164 107
164 110
164 113
164 118
164 124
164 128
164 129
164 135
164 145
164 149
164 158
164 159
164 161
164 162
164 183
165 10
165 11
165 15
165 23
165 30
165 31
165 35
165 38
165 41
165 51
165 54
165 55
165 67
165 72
165 75
165 80
165 89
165 92
165 97
165 100
165 114
165 121
165 126
165 136
165 145
165 151
165 155
165 163
165 166
165 170
165 172
165 191
165 193
166 48
166 63
166 97
166 103
166 125
166 168
166 169
166 180
167 58
167 121
167 133
167 152
167 183
167 194
167 197
168 14
168 45
168 58
168 61
168 79
168 100
168 133
168 153
168 180
168 194
169 54
169 58
169 79
169 102
169 103
170 11
170 54
170 58
170 61
170 77
170 121
170 125
170 138
170 151
170 152
170 166
170 167
170 169
170 179
170 180
171 8
171 11
171 12
171 14
171 21
171 32
171 41
171 45
171 51
171 54
171 59
171 60
171 65
171 67
171 70
171 71
171 72
171 73
171 74
171 77
171 79
171 82
171 91
171 94
171 97
171 98
171 105
171 106
171 108
171 110
171 113
171 114
171 116
171 118
171 123
171 124
171 126
171 131
171 133
171 139
171 141
171 145
171 147
171 155
171 156
171 157
171 161
171 162
171 166
171 173
171 175
171 177
171 182
171 183
171 194
172 3
172 34
172 39
172 60
172 62
172 63
172 83
172 102
172 110
172 122
172 125
172 128
172 157
172 170
172 183
172 193
172 194
173 4
173 10
173 20
173 34
173 45
173 54
173 55
173 58
173 63
173 64
173 84
173 103
173 107
173 110
173 121
173 138
173 153
173 155
173 166
173 170
173 179
173 183
173 194
173 197
173 198
174 153
174 162
174 167
174 170
175 3
175 14
175 19
175 35
175 41
175 45
175 50
175 58
175 61
175 62
175 63
175 66
175 67
175 95
175 107
175 133
175 138
175 141
175 151
175 153
175 166
175 167
175 168
175 172
175 183
175 193
175 194
175 200
176 1
176 3
176 12
176 22
176 23
176 26
176 32
176 38
176 45
176 61
176 63
176 74
176 83
176 89
176 92
176 95
176 102
176 103
176 107
176 114
176 124
176 127
176 130
176 133
176 141
176 149
176 161
176 170
176 172
176 184
176 194
176 197
177 3
177 7
177 45
177 49
177 58
177 74
177 103
177 121
177 126
177 131
177 141
177 147
177 166
177 169
177 175
177 176
177 185
177 188
177 189
177 200
178 1
178 32
178 49
178 65
178 112
178 126
178 128
178 175
178 176
178 193
179 11
179 14
179 54
179 55
179 64
179 77
179 103
179 121
179 133
179 141
179 162
180 54
180 79
180 103
180 152
180 194
181 1
181 4
181 5
181 12
181 13
181 14
181 16
181 23
181 26
181 28
181 30
181 36
181 41
181 47
181 49
181 50
181 51
181 53
181 55
181 58
181 60
181 63
181 64
181 74
181 75
181 78
181 85
181 87
181 89
181 91
181 100
181 103
181 110
181 111
181 112
181 113
181 121
181 122
181 127
181 128
181 132
181 133
181 135
181 137
181 141
181 147
181 149
181 153
181 159
181 166
181 168
181 175
181 176
181 183
181 189
182 4
182 16
182 23
182 58
182 63
182 72
182 73
182 75
182 85
182 100
182 107
182 125
182 127
182 137
182 151
182 162
182 166
182 168
182 169
182 172
182 175
182 184
182 188
182 195
182 198
183 58
183 194
184 1
184 3
184 4
184 7
184 17
184 19
184 20
184 23
184 27
184 28
184 32
184 34
184 51
184 55
184 59
184 60
184 65
184 66
184 67
184 73
184 85
184 86
184 96
184 98
184 100
184 110
184 122
184 126
184 127
184 128
184 130
184 133
184 149
184 155
184 161
184 162
184 173
184 175
184 179
184 180
184 186
184 187
184 189
184 195
184 197
184 200
185 3
185 7
185 17
185 29
185 39
185 41
185 63
185 145
185 151
185 197
186 14
186 17
186 19
186 27
186 28
186 29
186 35
186 38
186 41
186 45
186 50
186 55
186 60
186 63
186 65
186 66
186 67
186 73
186 77
186 100
186 103
186 104
186 107
186 133
186 138
186 159
186 162
186 163
186 166
186 167
186 168
186 172
186 185
186 193
186 194
187 45
187 162
187 167
187 196
187 197
188 3
188 11
188 16
188 19
188 22
188 27
188 28
188 31
188 39
188 48
188 59
188 67
188 71
188 72
188 73
188 75
188 79
188 89
188 95
188 107
188 114
188 121
188 123
188 126
188 128
188 131
188 141
188 145
188 158
188 163
188 168
188 169
188 172
188 180
188 183
188 189
188 191
188 194
188 195
188 197
189 4
189 14
189 15
189 19
189 23
189 35
189 38
189 51
189 55
189 58
189 65
189 77
189 96
189 99
189 103
189 107
189 110
189 112
189 114
189 127
189 136
189 139
189 147
189 168
189 170
189 175
189 179
189 191
189 194
189 195
189 197
190 1
190 3
190 6
190 15
190 36
190 41
190 48
190 57
190 58
190 72
190 82
190 140
190 141
190 155
190 161
190 181
190 183
190 184
191 7
191 107
191 110
191 121
191 155
191 168
192 31
193 14
193 48
193 60
193 61
193 63
193 102
193 103
193 110
193 121
193 133
193 141
193 162
193 163
193 169
193 183
193 197
195 7
195 61
195 64
195 100
195 103
195 107
195 121
195 166
195 183
196 14
196 61
196 121
196 141
197 54
197 194
198 10
198 11
198 55
198 64
198 73
198 77
198 100
198 138
198 139
198 141
198 151
198 162
198 168
198 170
198 183
199 61
199 121
200 63
200 95
200 121
200 133
200 163
200 195
